0.000000,84.0883,173.318,1000,1,0,0.100000
0.010000,84.0883,173.318,1000,1,0.0413048,0.141305
0.020000,84.0883,173.318,1105.07,1,0.082454,0.182454
0.030000,84.0883,173.318,1208.87,1,0.135337,0.235337
0.040000,84.0883,173.318,1310.64,1,0.200893,0.300893
0.050000,84.0883,173.318,1407.22,1,0.279892,0.379892
0.060000,84.0883,173.318,1498.42,1,0.372548,0.472548
0.070000,84.0883,173.318,1584.1,1,0.478864,0.578864
0.080000,84.0883,173.318,1664.24,1,0.598661,0.698661
0.090000,84.0883,173.318,1738.62,1,0.73159,0.831590
0.100000,84.0883,173.318,1807.31,1,0.87712,0.977120
0.110000,84.0883,173.318,1870.5,1,1.03459,1.134591
0.120000,84.0883,173.318,1928.42,1,1.20326,1.303263
0.130000,84.0883,173.318,1981.33,1,1.38233,1.482335
0.140000,84.0883,173.318,2029.51,1,1.57097,1.670968
0.150000,84.0883,173.318,2073.33,1,1.76831,1.868312
0.160000,84.0883,173.318,2113.12,1,1.97353,2.073529
0.170000,84.0883,173.318,2149.15,1,2.18591,2.285906
0.180000,84.0883,173.318,2181.59,1,2.40537,2.505374
0.190000,84.0883,173.318,2210.7,1,2.63121,2.731214
0.200000,84.0883,173.318,2236.76,1,2.86274,2.962736
0.210000,84.0883,173.318,2260.01,1,3.09928,3.199284
0.220000,84.0883,173.318,2280.69,1,3.34024,3.440242
0.230000,84.0883,173.318,2299.03,1,3.58503,3.685030
0.240000,84.0883,173.318,2315.23,1,3.83311,3.933112
0.250000,84.0883,173.318,2329.5,1,4.08399,4.183991
0.260000,84.0883,173.318,2342.01,1,4.33721,4.437208
0.270000,84.0883,173.318,2352.95,1,4.59231,4.692306
0.280000,84.0883,173.318,2362.67,1,4.84809,4.948085
0.290000,84.0883,173.318,2371.3,1,5.10424,5.204238
0.300000,84.0883,173.318,2378.94,1,5.36049,5.460486
0.310000,84.0883,173.318,2385.72,1,5.61658,5.716584
0.320000,84.0883,173.318,2391.71,1,5.87231,5.972312
0.330000,84.0883,173.318,2396.99,1,6.12747,6.227473
0.340000,84.0883,173.318,2401.65,1,6.38189,6.481894
0.350000,84.0883,173.318,2405.75,1,6.63542,6.735422
0.360000,84.0883,173.318,2409.32,1,6.88792,6.987918
0.370000,84.0883,173.318,2412.85,1,7.13853,7.238527
0.380000,84.0883,173.318,2416.4,1,7.38716,7.487156
0.390000,84.0883,173.318,2419.97,1,7.63384,7.733842
0.400000,84.0883,173.318,2423.55,1,7.87862,7.978620
0.410000,84.0883,173.318,2427.13,1,8.12152,8.221520
0.420000,84.0883,173.318,2430.7,1,8.36257,8.462570
0.430000,84.0883,173.318,2434.27,1,8.6018,8.701799
0.440000,84.0883,173.318,2437.83,1,8.83923,8.939232
0.450000,84.0883,173.318,2441.38,1,9.07489,9.174893
0.460000,84.0883,173.318,2444.96,1,9.30862,9.408625
0.470000,84.0883,173.318,2448.69,1,9.53991,9.639911
0.480000,84.0883,173.318,2452.56,1,9.76884,9.868841
0.490000,84.0883,173.318,2456.53,1,9.99549,10.095494
0.500000,84.0883,173.318,2460.58,1,10.2199,10.319944
0.510000,84.0883,350,2464.71,1,10.4423,10.542252
0.520000,84.0883,350,2468.88,1,10.652,10.752047
0.530000,84.0883,350,2473.07,1,10.86,10.959957
0.540000,84.0883,350,2477.25,1,11.066,11.166018
0.550000,84.0883,350,2481.44,1,11.2703,11.370267
0.560000,84.0883,350,2485.62,1,11.4727,11.572735
0.570000,84.0883,350,2489.79,1,11.6735,11.773452
0.580000,84.0883,350,2494.25,1,11.872,11.971956
0.590000,84.0883,350,2498.99,1,12.0684,12.168360
0.600000,84.0883,350,2503.94,1,12.2628,12.362780
0.610000,84.0883,350,2509.06,1,12.4553,12.555322
0.620000,84.0883,350,2514.33,1,12.6461,12.746073
0.630000,84.0883,350,2519.71,1,12.8351,12.935113
0.640000,84.0883,350,2525.17,1,13.0225,13.122508
0.650000,84.0883,350,2530.7,1,13.2083,13.308318
0.660000,84.0883,350,2536.28,1,13.3926,13.492596
0.670000,84.0883,350,2541.88,1,13.5754,13.675389
0.680000,84.0883,350,2547.51,1,13.7567,13.856737
0.690000,84.0883,350,2553.14,1,13.9367,14.036677
0.700000,84.0883,350,2558.78,1,14.1152,14.215243
0.710000,84.0883,350,2564.4,1,14.2925,14.392463
0.720000,84.0883,350,2570.18,1,14.4681,14.568117
0.730000,84.0883,350,2576.23,1,14.6421,14.742083
0.740000,84.0883,350,2582.49,1,14.8145,14.914477
0.750000,84.0883,350,2588.93,1,14.9854,15.085399
0.760000,84.0883,350,2595.5,1,15.1549,15.254932
0.770000,84.0883,350,2602.16,1,15.3231,15.423147
0.780000,84.0883,350,2608.91,1,15.4901,15.590106
0.790000,84.0883,350,2615.7,1,15.6559,15.755861
0.800000,84.0883,350,2622.52,1,15.8205,15.920457
0.810000,84.0883,350,2629.37,1,15.9839,16.083932
0.820000,84.0883,350,2636.22,1,16.1463,16.246322
0.830000,84.0883,350,2643.06,1,16.3077,16.407655
0.840000,84.0883,350,2649.89,1,16.468,16.567957
0.850000,84.0883,350,2656.7,1,16.6273,16.727251
0.860000,84.0883,350,2663.48,1,16.7856,16.885558
0.870000,84.0883,350,2670.22,1,16.9429,17.042895
0.880000,84.0883,350,2676.93,1,17.0993,17.199280
0.890000,84.0883,350,2683.6,1,17.2547,17.354726
0.900000,84.0883,350,2690.23,1,17.4092,17.509247
0.910000,84.0883,350,2696.83,1,17.5628,17.662822
0.920000,84.0883,350,2703.59,1,17.7152,17.815228
0.930000,84.0883,350,2710.47,1,17.8665,17.966537
0.940000,84.0883,350,2717.43,1,18.0168,18.116810
0.950000,84.0883,350,2724.46,1,18.1661,18.266097
0.960000,84.0883,350,2731.52,1,18.3144,18.414443
0.970000,84.0883,350,2738.62,1,18.4619,18.561882
0.980000,84.0883,350,2745.72,1,18.6084,18.708446
0.990000,84.0883,350,2752.82,1,18.7542,18.854162
1.000000,84.0883,350,2759.91,1,18.8991,18.999053
1.010000,0,350,2766.98,1,19.0431,19.143138
1.020000,0,350,2598.92,1,19.1864,0.100000
1.030000,0,350,2456.34,1,19.2904,0.100000
1.040000,0,350,2338.31,1,19.3602,0.100000
1.050000,0,350,2247.16,1,19.4024,0.100000
1.060000,0,350,2181.03,1,19.4201,0.100000
1.070000,0,350,2128.26,1,19.4246,0.100000
1.080000,0,350,2082.59,1,19.4223,0.100000
1.090000,0,350,2041.46,1,19.4157,0.100000
1.100000,0,350,2003.52,1,19.406,0.100000
1.110000,0,350,1967.99,1,19.394,0.100000
1.120000,0,350,1934.33,1,19.3804,0.100000
1.130000,0,350,1902.18,1,19.3654,0.100000
1.140000,0,350,1871.27,1,19.3493,0.100000
1.150000,0,350,1841.42,1,19.3322,0.100000
1.160000,0,350,1812.46,1,19.3144,0.100000
1.170000,0,350,1784.28,1,19.296,0.100000
1.180000,0,350,1756.77,1,19.277,0.100000
1.190000,0,350,1729.87,1,19.2575,0.100000
1.200000,0,350,1703.5,1,19.2376,0.100000
1.210000,0,350,1677.61,1,19.2173,0.100000
1.220000,0,350,1652.16,2,19.1967,10.903251
1.230000,0,350,1580.64,2,19.2077,10.892273
1.240000,0,350,1515.54,2,19.213,10.887006
1.250000,0,350,1456.87,2,19.2129,10.887137
1.260000,0,350,1404.77,2,19.2081,10.891934
1.270000,0,350,1360.07,2,19.1989,10.901106
1.280000,0,350,1322.45,2,19.1856,10.914396
1.290000,0,350,1290.09,2,19.1693,10.930747
1.300000,0,350,1260.82,2,19.1511,10.948865
1.310000,0,350,1233.63,2,19.1319,10.968145
1.320000,0,350,1207.94,2,19.1118,10.988245
1.330000,0,350,1183.4,2,19.091,11.008953
1.340000,0,350,1159.75,2,19.0699,11.030126
1.350000,0,350,1136.8,2,19.0483,11.051666
1.360000,0,350,1114.45,2,19.0265,11.073500
1.370000,0,350,1092.59,2,19.0044,11.095573
1.380000,0,350,1071.15,2,18.9822,11.117844
1.390000,0,350,1050.08,2,18.9597,11.140279
1.400000,0,350,1029.33,2,18.9371,11.162852
1.410000,0,350,1008.87,2,18.9145,11.185541
1.420000,0,350,988.669,2,18.8917,11.208329
1.430000,0,350,968.696,2,18.8688,11.231202
1.440000,0,350,948.934,2,18.8459,11.254147
1.450000,0,350,929.366,2,18.8228,11.277155
1.460000,0,350,909.976,2,18.7998,11.300217
1.470000,0,350,890.751,2,18.7767,11.323326
1.480000,0,350,871.681,2,18.7535,11.346475
1.490000,0,350,852.757,2,18.7303,11.369659
1.500000,0,350,833.97,2,18.7071,11.392874
1.510000,0,350,815.314,2,18.6839,11.416115
1.520000,0,350,796.781,2,18.6606,11.439380
1.530000,0,350,778.367,2,18.6373,11.462665
1.540000,0,350,760.067,2,18.614,11.485968
1.550000,0,350,741.877,2,18.5907,11.509286
1.560000,0,350,723.793,2,18.5674,11.532618
1.570000,0,350,705.811,2,18.544,11.555961
1.580000,0,350,687.929,2,18.5207,11.579315
1.590000,0,350,670.144,2,18.4973,11.602677
1.600000,0,350,652.453,2,18.474,11.626047
1.610000,0,350,634.856,2,18.4506,11.649423
1.620000,0,350,617.349,2,18.4272,11.672805
1.630000,0,350,600,2,18.4038,11.696192
1.640000,0,350,600,2,18.3804,11.719583
1.650000,0,350,600,2,18.357,11.742973
1.660000,0,350,600,2,18.3336,11.766361
1.670000,0,350,600,2,18.3103,11.789749
1.680000,0,350,600,2,18.2869,11.813135
1.690000,0,350,600,2,18.2635,11.836521
1.700000,0,350,600,2,18.2401,11.859905
1.710000,0,350,600,2,18.2167,11.883288
1.720000,0,350,600,2,18.1933,11.906669
1.730000,0,350,600,2,18.1699,11.930050
1.740000,0,350,600,2,18.1466,11.953430
1.750000,0,350,600,2,18.1232,11.976808
1.760000,0,350,600,2,18.0998,12.000185
1.770000,0,350,600,2,18.0764,12.023561
1.780000,0,350,600,2,18.0531,12.046936
1.790000,0,350,600,2,18.0297,12.070310
1.800000,0,350,600,2,18.0063,12.093683
1.810000,0,350,600,2,17.9829,12.117054
1.820000,0,350,600,2,17.9596,12.140425
1.830000,0,350,600,2,17.9362,12.163794
1.840000,0,350,600,2,17.9128,12.187162
1.850000,0,350,600,2,17.8895,12.210529
1.860000,0,350,600,2,17.8661,12.233895
1.870000,0,350,600,2,17.8427,12.257260
1.880000,0,350,600,2,17.8194,12.280623
1.890000,0,350,600,2,17.796,12.303985
1.900000,0,350,600,2,17.7727,12.327347
1.910000,0,350,600,2,17.7493,12.350707
1.920000,0,350,600,2,17.7259,12.374066
1.930000,0,350,600,2,17.7026,12.397424
1.940000,0,350,600,2,17.6792,12.420780
1.950000,0,350,600,2,17.6559,12.444136
1.960000,0,350,600,2,17.6325,12.467490
1.970000,0,350,600,2,17.6092,12.490844
1.980000,0,350,600,2,17.5858,12.514196
1.990000,0,350,600,2,17.5625,12.537547
2.000000,0,350,600,2,17.5391,12.560897
2.010000,100,0,600,2,17.5158,52.584246
2.020000,100,0,713.619,2,17.5131,0.100000
2.030000,100,0,831.531,2,17.5104,0.100000
2.040000,100,0,953.751,2,17.508,0.100000
2.050000,100,0,1080.04,2,17.5059,0.100000
2.060000,100,0,1209.28,2,17.505,0.100000
2.070000,100,0,1336.28,2,17.5084,0.100000
2.080000,100,0,1448.42,2,17.5218,0.100000
2.090000,100,0,1552.19,2,17.5434,0.100000
2.100000,100,0,1649.05,2,17.5728,0.100000
2.110000,100,0,1738.35,2,17.6105,0.100000
2.120000,100,0,1820.39,2,17.6563,0.100000
2.130000,100,0,1895.25,2,17.7101,0.100000
2.140000,100,0,1963.11,2,17.7719,0.100000
2.150000,100,0,2024.49,2,17.8411,0.100000
2.160000,100,0,2080.13,2,17.917,0.100000
2.170000,100,0,2130.44,2,17.9992,0.100000
2.180000,100,0,2175.78,2,18.0872,0.100000
2.190000,100,0,2216.56,2,18.1807,0.100000
2.200000,100,0,2253.15,2,18.279,0.100000
2.210000,100,0,2285.93,2,18.3817,0.100000
2.220000,100,0,2315.27,2,18.4884,0.100000
2.230000,100,0,2341.51,1,18.5986,-0.400000
2.240000,100,0,2408.59,1,18.6774,-0.400000
2.250000,100,0,2466.04,1,18.7689,-0.400000
2.260000,100,0,2515.96,1,18.8711,-0.400000
2.270000,100,0,2559.41,1,18.983,-0.400000
2.280000,100,0,2597.75,1,19.1025,-0.400000
2.290000,100,0,2631.92,1,19.2281,-0.400000
2.300000,100,0,2662.52,1,19.359,-0.400000
2.310000,100,0,2689.98,1,19.4943,-0.400000
2.320000,100,0,2714.69,1,19.6335,-0.400000
2.330000,100,0,2737.02,1,19.7759,-0.400000
2.340000,100,0,2757.26,1,19.921,-0.400000
2.350000,100,0,2775.72,1,20.0683,-0.400000
2.360000,100,0,2792.62,1,20.2174,-0.400000
2.370000,100,0,2808.19,1,20.368,-0.400000
2.380000,100,0,2822.55,1,20.5196,-0.400000
2.390000,100,0,2835.82,1,20.672,-0.400000
2.400000,100,0,2848.15,1,20.8251,-0.400000
2.410000,100,0,2859.68,1,20.9784,-0.400000
2.420000,100,0,2870.54,1,21.1319,-0.400000
2.430000,100,0,2880.81,1,21.2855,-0.400000
2.440000,100,0,2890.59,1,21.4389,-0.400000
2.450000,100,0,2900.09,1,21.5919,-0.400000
2.460000,100,0,2909.35,1,21.7445,-0.400000
2.470000,100,0,2918.4,1,21.8966,-0.400000
2.480000,100,0,2927.51,1,22.0478,-0.400000
2.490000,100,0,2936.73,1,22.198,-0.400000
2.500000,100,0,2946.04,1,22.3473,-0.400000
2.510000,100,0,2955.36,1,22.4959,-0.400000
2.520000,100,0,2964.67,1,22.6437,-0.400000
2.530000,100,0,2973.94,1,22.7908,-0.400000
2.540000,100,0,2983.17,1,22.9372,-0.400000
2.550000,100,0,2992.48,1,23.0829,-0.400000
2.560000,100,0,3001.85,1,23.228,-0.400000
2.570000,100,0,3011.26,1,23.3725,-0.400000
2.580000,100,0,3020.71,1,23.5164,-0.400000
2.590000,100,0,3030.4,1,23.6594,-0.400000
2.600000,100,0,3040.27,1,23.8017,-0.400000
2.610000,100,0,3050.25,1,23.9433,-0.400000
2.620000,100,0,3060.31,1,24.0844,-0.400000
2.630000,100,0,3070.37,1,24.2251,-0.400000
2.640000,100,0,3080.42,1,24.3654,-0.400000
2.650000,100,0,3090.46,1,24.5055,-0.400000
2.660000,100,0,3100.47,1,24.6453,-0.400000
2.670000,100,0,3110.58,1,24.7848,-0.400000
2.680000,100,0,3121.16,1,24.9238,-0.400000
2.690000,100,0,3132.06,1,25.0625,-0.400000
2.700000,100,0,3143.16,1,25.2009,-0.400000
2.710000,100,0,3154.4,1,25.3392,-0.400000
2.720000,100,0,3165.73,1,25.4774,-0.400000
2.730000,100,0,3177.07,1,25.6156,-0.400000
2.740000,100,0,3188.4,1,25.7537,-0.400000
2.750000,100,0,3199.72,1,25.8919,-0.400000
2.760000,100,0,3211.02,1,26.03,-0.400000
2.770000,100,0,3222.3,1,26.1681,-0.400000
2.780000,100,0,3233.56,1,26.3062,-0.400000
2.790000,100,0,3245.04,1,26.444,-0.400000
2.800000,100,0,3256.95,1,26.5813,-0.400000
2.810000,100,0,3269.1,1,26.7183,-0.400000
2.820000,100,0,3281.4,1,26.8551,-0.400000
2.830000,100,0,3293.78,1,26.9918,-0.400000
2.840000,100,0,3306.19,1,27.1284,-0.400000
2.850000,100,0,3318.62,1,27.2649,-0.400000
2.860000,100,0,3331.05,1,27.4013,-0.400000
2.870000,100,0,3343.58,1,27.5376,-0.400000
2.880000,100,0,3356.3,1,27.6738,-0.400000
2.890000,100,0,3369.1,1,27.8098,-0.400000
2.900000,100,0,3381.95,1,27.9458,-0.400000
2.910000,100,0,3394.82,1,28.0818,-0.400000
2.920000,100,0,3407.7,1,28.2178,-0.400000
2.930000,100,0,3420.56,1,28.3538,-0.400000
2.940000,100,0,3433.42,1,28.4898,-0.400000
2.950000,100,0,3446.26,1,28.6259,-0.400000
2.960000,100,0,3459.08,1,28.7619,-0.400000
2.970000,100,0,3471.91,1,28.898,-0.400000
2.980000,100,0,3484.88,1,29.0339,-0.400000
2.990000,100,0,3497.92,1,29.1698,-0.400000
3.000000,100,0,3510.99,1,29.3056,-0.400000
3.010000,100,0,3524.07,1,29.4414,-0.400000
3.020000,100,0,3537.14,1,29.5773,-0.400000
3.030000,100,0,3550.2,1,29.7131,-0.400000
3.040000,100,0,3563.25,1,29.849,-0.400000
3.050000,100,0,3576.29,1,29.9848,-0.400000
3.060000,100,0,3589.31,1,30.1207,-0.400000
3.070000,100,0,3602.32,1,30.2566,-0.400000
3.080000,100,0,3615.27,1,30.3925,-0.400000
3.090000,100,0,3627.99,1,30.5285,-0.400000
3.100000,100,0,3640.58,1,30.6643,-0.400000
3.110000,100,0,3653.08,1,30.8,-0.400000
3.120000,100,0,3665.5,1,30.9356,-0.400000
3.130000,100,0,3677.86,1,31.0711,-0.400000
3.140000,100,0,3690.18,1,31.2064,-0.400000
3.150000,100,0,3702.46,1,31.3415,-0.400000
3.160000,100,0,3714.69,1,31.4764,-0.400000
3.170000,100,0,3726.88,1,31.6112,-0.400000
3.180000,100,0,3739.03,1,31.7458,-0.400000
3.190000,100,0,3751.15,1,31.8803,-0.400000
3.200000,100,0,3763.25,1,32.0145,-0.400000
3.210000,100,0,3775.9,1,32.148,-0.400000
3.220000,100,0,3788.75,1,32.2811,-0.400000
3.230000,100,0,3801.65,1,32.4139,-0.400000
3.240000,100,0,3814.57,1,32.5464,-0.400000
3.250000,100,0,3827.46,1,32.6788,-0.400000
3.260000,100,0,3840.32,1,32.8109,-0.400000
3.270000,100,0,3853.16,1,32.9429,-0.400000
3.280000,100,0,3865.95,1,33.0747,-0.400000
3.290000,100,0,3878.71,1,33.2062,-0.400000
3.300000,100,0,3891.44,1,33.3376,-0.400000
3.310000,100,0,3904.13,1,33.4688,-0.400000
3.320000,100,0,3916.78,1,33.5998,-0.400000
3.330000,100,0,3929.4,1,33.7307,-0.400000
3.340000,100,0,3941.99,1,33.8613,-0.400000
3.350000,100,0,3954.54,1,33.9917,-0.400000
3.360000,100,0,3967.05,1,34.122,-0.400000
3.370000,100,0,3979.53,1,34.2521,-0.400000
3.380000,100,0,3991.97,1,34.382,-0.400000
3.390000,100,0,4004.38,1,34.5117,-0.400000
3.400000,100,0,4016.76,1,34.6412,-0.400000
3.410000,100,0,4029.12,1,34.7705,-0.400000
3.420000,100,0,4041.45,1,34.8997,-0.400000
3.430000,100,0,4053.75,1,35.0287,-0.400000
3.440000,100,0,4066.02,1,35.1575,-0.400000
3.450000,100,0,4078.26,1,35.2862,-0.400000
3.460000,100,0,4090.47,1,35.4146,-0.400000
3.470000,100,0,4102.64,1,35.543,-0.400000
3.480000,100,0,4114.78,1,35.6711,-0.400000
3.490000,100,0,4126.89,1,35.7991,-0.400000
3.500000,100,0,4138.97,1,35.9269,-0.400000
3.510000,100,0,4151.02,1,36.0545,-0.400000
3.520000,100,0,4163.03,1,36.182,-0.400000
3.530000,100,0,4175.02,1,36.3093,-0.400000
3.540000,100,0,4186.97,1,36.4364,-0.400000
3.550000,100,0,4198.89,1,36.5633,-0.400000
3.560000,100,0,4210.78,1,36.6901,-0.400000
3.570000,100,0,4222.64,1,36.8168,-0.400000
3.580000,100,0,4234.47,1,36.9432,-0.400000
3.590000,100,0,4246.27,1,37.0695,-0.400000
3.600000,100,0,4258.04,1,37.1957,-0.400000
3.610000,100,0,4269.78,1,37.3216,-0.400000
3.620000,100,0,4281.49,1,37.4474,-0.400000
3.630000,100,0,4293.16,1,37.5731,-0.400000
3.640000,100,0,4304.81,1,37.6985,-0.400000
3.650000,100,0,4316.43,1,37.8238,-0.400000
3.660000,100,0,4328.02,1,37.949,-0.400000
3.670000,100,0,4339.57,1,38.074,-0.400000
3.680000,100,0,4351.1,1,38.1988,-0.400000
3.690000,100,0,4362.6,1,38.3234,-0.400000
3.700000,100,0,4374.07,1,38.4479,-0.400000
3.710000,100,0,4385.51,1,38.5723,-0.400000
3.720000,100,0,4396.92,1,38.6964,-0.400000
3.730000,100,0,4408.3,1,38.8205,-0.400000
3.740000,100,0,4419.51,1,38.9443,-0.400000
3.750000,100,0,4430.53,1,39.0679,-0.400000
3.760000,100,0,4441.43,1,39.1913,-0.400000
3.770000,100,0,4452.25,1,39.3144,-0.400000
3.780000,100,0,4462.99,1,39.4372,-0.400000
3.790000,100,0,4473.67,1,39.5596,-0.400000
3.800000,100,0,4484.3,1,39.6818,-0.400000
3.810000,100,0,4494.87,1,39.8036,-0.400000
3.820000,100,0,4505.39,1,39.9251,-0.400000
3.830000,100,0,4515.87,1,40.0463,-0.400000
3.840000,100,0,4526.29,1,40.1672,-0.400000
3.850000,100,0,4536.68,1,40.2877,-0.400000
3.860000,100,0,4547.01,1,40.4079,-0.400000
3.870000,100,0,4557.3,1,40.5279,-0.400000
3.880000,100,0,4567.54,1,40.6475,-0.400000
3.890000,100,0,4577.74,1,40.7667,-0.400000
3.900000,100,0,4587.9,1,40.8857,-0.400000
3.910000,100,0,4598.01,1,41.0044,-0.400000
3.920000,100,0,4608.07,1,41.1227,-0.400000
3.930000,100,0,4618.09,1,41.2408,-0.400000
3.940000,100,0,4628.07,1,41.3585,-0.400000
3.950000,100,0,4638,1,41.476,-0.400000
3.960000,100,0,4647.89,1,41.5931,-0.400000
3.970000,100,0,4657.74,1,41.7099,-0.400000
3.980000,100,0,4667.55,1,41.8264,-0.400000
3.990000,100,0,4677.31,1,41.9426,-0.400000
4.000000,100,0,4687.03,1,42.0586,-0.400000
4.010000,100,0,4696.71,1,42.1742,-0.400000
4.020000,100,0,4706.34,1,42.2895,-0.400000
4.030000,100,0,4715.94,1,42.4045,-0.400000
4.040000,100,0,4725.49,1,42.5192,-0.400000
4.050000,100,0,4735,2,42.6337,-0.400000
4.060000,100,0,4376.09,2,43.05,-0.400000
4.070000,100,0,4121.41,2,43.366,-0.400000
4.080000,100,0,3930.79,2,43.619,-0.400000
4.090000,100,0,3787.17,2,43.8276,-0.400000
4.100000,100,0,3677.38,2,44.0054,-0.400000
4.110000,100,0,3592.04,2,44.1614,-0.400000
4.120000,100,0,3525.29,2,44.301,-0.400000
4.130000,100,0,3474.43,2,44.4262,-0.400000
4.140000,100,0,3435.96,2,44.5407,-0.400000
4.150000,100,0,3408.18,2,44.6465,-0.400000
4.160000,100,0,3387.98,2,44.7467,-0.400000
4.170000,100,0,3375.22,2,44.8423,-0.400000
4.180000,100,0,3367.53,2,44.9348,-0.400000
4.190000,100,0,3363.21,2,45.0252,-0.400000
4.200000,100,0,3361.25,2,45.1141,-0.400000
4.210000,100,0,3361.13,2,45.2018,-0.400000
4.220000,100,0,3362.82,2,45.2884,-0.400000
4.230000,100,0,3365.62,2,45.3742,-0.400000
4.240000,100,0,3369.13,2,45.4596,-0.400000
4.250000,100,0,3373.06,2,45.5447,-0.400000
4.260000,100,0,3377.28,2,45.6297,-0.400000
4.270000,100,0,3381.66,2,45.7144,-0.400000
4.280000,100,0,3386.16,2,45.7991,-0.400000
4.290000,100,0,3390.72,2,45.8838,-0.400000
4.300000,100,0,3395.32,2,45.9684,-0.400000
4.310000,100,0,3399.94,2,46.0529,-0.400000
4.320000,100,0,3404.59,2,46.1374,-0.400000
4.330000,100,0,3409.24,2,46.2219,-0.400000
4.340000,100,0,3413.89,2,46.3064,-0.400000
4.350000,100,0,3418.54,2,46.3909,-0.400000
4.360000,100,0,3423.23,2,46.4753,-0.400000
4.370000,100,0,3428,2,46.5597,-0.400000
4.380000,100,0,3432.81,2,46.644,-0.400000
4.390000,100,0,3437.64,2,46.7283,-0.400000
4.400000,100,0,3442.49,2,46.8126,-0.400000
4.410000,100,0,3447.34,2,46.8969,-0.400000
4.420000,100,0,3452.2,2,46.9812,-0.400000
4.430000,100,0,3457.06,2,47.0654,-0.400000
4.440000,100,0,3461.91,2,47.1497,-0.400000
4.450000,100,0,3466.76,2,47.234,-0.400000
4.460000,100,0,3471.61,2,47.3182,-0.400000
4.470000,100,0,3476.46,2,47.4025,-0.400000
4.480000,100,0,3481.31,2,47.4867,-0.400000
4.490000,100,0,3486.15,2,47.571,-0.400000
4.500000,100,0,3490.99,2,47.6552,-0.400000
4.510000,100,0,3495.82,2,47.7395,-0.400000
4.520000,100,0,3500.66,2,47.8237,-0.400000
4.530000,100,0,3505.49,2,47.9079,-0.400000
4.540000,100,0,3510.31,2,47.9922,-0.400000
4.550000,100,0,3515.14,2,48.0764,-0.400000
4.560000,100,0,3519.96,2,48.1606,-0.400000
4.570000,100,0,3524.77,2,48.2448,-0.400000
4.580000,100,0,3529.59,2,48.329,-0.400000
4.590000,100,0,3534.4,2,48.4132,-0.400000
4.600000,100,0,3539.2,2,48.4974,-0.400000
4.610000,100,0,3544.01,2,48.5816,-0.400000
4.620000,100,0,3548.81,2,48.6658,-0.400000
4.630000,100,0,3553.61,2,48.75,-0.400000
4.640000,100,0,3558.4,2,48.8341,-0.400000
4.650000,100,0,3563.24,2,48.9183,-0.400000
4.660000,100,0,3568.11,2,49.0024,-0.400000
4.670000,100,0,3573.01,2,49.0865,-0.400000
4.680000,100,0,3577.93,2,49.1706,-0.400000
4.690000,100,0,3582.84,2,49.2546,-0.400000
4.700000,100,0,3587.76,2,49.3387,-0.400000
4.710000,100,0,3592.68,2,49.4227,-0.400000
4.720000,100,0,3597.6,2,49.5068,-0.400000
4.730000,100,0,3602.52,2,49.5908,-0.400000
4.740000,100,0,3607.39,2,49.6749,-0.400000
4.750000,100,0,3612.19,2,49.7589,-0.400000
4.760000,100,0,3616.95,2,49.8429,-0.400000
4.770000,100,0,3621.69,2,49.9268,-0.400000
4.780000,100,0,3626.41,2,50.0107,-0.400000
4.790000,100,0,3631.12,2,50.0946,-0.400000
4.800000,100,0,3635.82,2,50.1784,-0.400000
4.810000,100,0,3640.51,2,50.2621,-0.400000
4.820000,100,0,3645.2,2,50.3458,-0.400000
4.830000,100,0,3649.87,2,50.4295,-0.400000
4.840000,100,0,3654.54,2,50.5131,-0.400000
4.850000,100,0,3659.21,2,50.5966,-0.400000
4.860000,100,0,3663.87,2,50.6801,-0.400000
4.870000,100,0,3668.52,2,50.7635,-0.400000
4.880000,100,0,3673.17,2,50.8469,-0.400000
4.890000,100,0,3677.81,2,50.9303,-0.400000
4.900000,100,0,3682.44,2,51.0136,-0.400000
4.910000,100,0,3687.07,2,51.0968,-0.400000
4.920000,100,0,3691.69,2,51.18,-0.400000
4.930000,100,0,3696.3,2,51.2631,-0.400000
4.940000,100,0,3700.91,2,51.3462,-0.400000
4.950000,100,0,3705.52,2,51.4292,-0.400000
4.960000,100,0,3710.11,2,51.5122,-0.400000
4.970000,100,0,3714.71,2,51.5951,-0.400000
4.980000,100,0,3719.29,2,51.678,-0.400000
4.990000,100,0,3723.87,2,51.7608,-0.400000
5.000000,100,0,3728.44,2,51.8436,-0.400000
5.010000,100,0,3733.01,2,51.9263,-0.400000
5.020000,100,0,3737.57,2,52.009,-0.400000
5.030000,100,0,3742.13,2,52.0916,-0.400000
5.040000,100,0,3746.68,2,52.1742,-0.400000
5.050000,100,0,3751.22,2,52.2567,-0.400000
5.060000,100,0,3755.76,2,52.3392,-0.400000
5.070000,100,0,3760.29,2,52.4216,-0.400000
5.080000,100,0,3764.81,2,52.504,-0.400000
5.090000,100,0,3769.33,2,52.5863,-0.400000
5.100000,100,0,3773.85,2,52.6686,-0.400000
5.110000,100,0,3778.36,2,52.7508,-0.400000
5.120000,100,0,3782.86,2,52.833,-0.400000
5.130000,100,0,3787.35,2,52.9151,-0.400000
5.140000,100,0,3791.84,2,52.9971,-0.400000
5.150000,100,0,3796.33,2,53.0792,-0.400000
5.160000,100,0,3800.81,2,53.1611,-0.400000
5.170000,100,0,3805.28,2,53.243,-0.400000
5.180000,100,0,3809.75,2,53.3249,-0.400000
5.190000,100,0,3814.21,2,53.4067,-0.400000
5.200000,100,0,3818.67,2,53.4885,-0.400000
5.210000,100,0,3823.12,2,53.5702,-0.400000
5.220000,100,0,3827.56,2,53.6519,-0.400000
5.230000,100,0,3832,2,53.7335,-0.400000
5.240000,100,0,3836.43,2,53.815,-0.400000
5.250000,100,0,3840.95,2,53.8965,-0.400000
5.260000,100,0,3845.64,2,53.9778,-0.400000
5.270000,100,0,3850.4,2,54.059,-0.400000
5.280000,100,0,3855.18,2,54.1401,-0.400000
5.290000,100,0,3859.98,2,54.2212,-0.400000
5.300000,100,0,3864.77,2,54.3022,-0.400000
5.310000,100,0,3869.57,2,54.3831,-0.400000
5.320000,100,0,3874.35,2,54.464,-0.400000
5.330000,100,0,3879.14,2,54.5448,-0.400000
5.340000,100,0,3883.91,2,54.6256,-0.400000
5.350000,100,0,3888.69,2,54.7063,-0.400000
5.360000,100,0,3893.45,2,54.787,-0.400000
5.370000,100,0,3898.21,2,54.8676,-0.400000
5.380000,100,0,3902.97,2,54.9481,-0.400000
5.390000,100,0,3907.72,2,55.0286,-0.400000
5.400000,100,0,3912.46,2,55.1091,-0.400000
5.410000,100,0,3917.2,2,55.1895,-0.400000
5.420000,100,0,3921.93,2,55.2698,-0.400000
5.430000,100,0,3926.66,2,55.3501,-0.400000
5.440000,100,0,3931.38,2,55.4303,-0.400000
5.450000,100,0,3936.09,2,55.5105,-0.400000
5.460000,100,0,3940.8,2,55.5906,-0.400000
5.470000,100,0,3945.51,2,55.6706,-0.400000
5.480000,100,0,3950.2,2,55.7506,-0.400000
5.490000,100,0,3954.9,2,55.8306,-0.400000
5.500000,100,0,3959.58,2,55.9105,-0.400000
5.510000,100,0,3964.27,2,55.9903,-0.400000
5.520000,100,0,3968.94,2,56.0701,-0.400000
5.530000,100,0,3973.61,2,56.1498,-0.400000
5.540000,100,0,3978.28,2,56.2295,-0.400000
5.550000,100,0,3982.94,2,56.3091,-0.400000
5.560000,100,0,3987.59,2,56.3887,-0.400000
5.570000,100,0,3992.24,2,56.4682,-0.400000
5.580000,100,0,3996.88,2,56.5476,-0.400000
5.590000,100,0,4001.52,2,56.627,-0.400000
5.600000,100,0,4006.15,2,56.7064,-0.400000
5.610000,100,0,4010.78,2,56.7856,-0.400000
5.620000,100,0,4015.41,2,56.8649,-0.400000
5.630000,100,0,4020.04,2,56.9441,-0.400000
5.640000,100,0,4024.66,2,57.0232,-0.400000
5.650000,100,0,4029.27,2,57.1023,-0.400000
5.660000,100,0,4033.88,2,57.1813,-0.400000
5.670000,100,0,4038.49,2,57.2603,-0.400000
5.680000,100,0,4043.09,2,57.3392,-0.400000
5.690000,100,0,4047.68,2,57.4181,-0.400000
5.700000,100,0,4052.27,2,57.4969,-0.400000
5.710000,100,0,4056.85,2,57.5757,-0.400000
5.720000,100,0,4061.43,2,57.6544,-0.400000
5.730000,100,0,4066,2,57.7331,-0.400000
5.740000,100,0,4070.57,2,57.8117,-0.400000
5.750000,100,0,4075.14,2,57.8903,-0.400000
5.760000,100,0,4079.69,2,57.9688,-0.400000
5.770000,100,0,4084.25,2,58.0473,-0.400000
5.780000,100,0,4088.79,2,58.1257,-0.400000
5.790000,100,0,4093.34,2,58.2041,-0.400000
5.800000,100,0,4097.87,2,58.2824,-0.400000
5.810000,100,0,4102.41,2,58.3607,-0.400000
5.820000,100,0,4106.93,2,58.4389,-0.400000
5.830000,100,0,4111.46,2,58.517,-0.400000
5.840000,100,0,4115.97,2,58.5952,-0.400000
5.850000,100,0,4120.48,2,58.6732,-0.400000
5.860000,100,0,4124.99,2,58.7512,-0.400000
5.870000,100,0,4129.49,2,58.8292,-0.400000
5.880000,100,0,4133.99,2,58.9071,-0.400000
5.890000,100,0,4138.48,2,58.985,-0.400000
5.900000,100,0,4142.97,2,59.0628,-0.400000
5.910000,100,0,4147.45,2,59.1405,-0.400000
5.920000,100,0,4151.92,2,59.2183,-0.400000
5.930000,100,0,4156.4,2,59.2959,-0.400000
5.940000,100,0,4160.86,2,59.3735,-0.400000
5.950000,100,0,4165.32,2,59.4511,-0.400000
5.960000,100,0,4169.78,2,59.5286,-0.400000
5.970000,100,0,4174.23,2,59.6061,-0.400000
5.980000,100,0,4178.68,2,59.6835,-0.400000
5.990000,100,0,4183.12,2,59.7608,-0.400000
6.000000,100,0,4187.55,2,59.8381,-0.400000
6.010000,100,0,4191.98,2,59.9154,-0.400000
6.020000,100,0,4196.41,2,59.9926,-0.400000
6.030000,100,0,4200.83,2,60.0698,-0.400000
6.040000,100,0,4205.25,2,60.1469,-0.400000
6.050000,100,0,4209.66,2,60.2239,-0.400000
6.060000,100,0,4214.07,2,60.301,-0.400000
6.070000,100,0,4218.47,2,60.3779,-0.400000
6.080000,100,0,4222.86,2,60.4548,-0.400000
6.090000,100,0,4227.26,2,60.5317,-0.400000
6.100000,100,0,4231.64,2,60.6085,-0.400000
6.110000,100,0,4236.02,2,60.6853,-0.400000
6.120000,100,0,4240.4,2,60.762,-0.400000
6.130000,100,0,4244.77,2,60.8386,-0.400000
6.140000,100,0,4249.14,2,60.9153,-0.400000
6.150000,100,0,4253.5,2,60.9918,-0.400000
6.160000,100,0,4257.86,2,61.0683,-0.400000
6.170000,100,0,4262.21,2,61.1448,-0.400000
6.180000,100,0,4266.56,2,61.2212,-0.400000
6.190000,100,0,4270.9,2,61.2976,-0.400000
6.200000,100,0,4275.24,2,61.3739,-0.400000
6.210000,100,0,4279.57,2,61.4502,-0.400000
6.220000,100,0,4283.9,2,61.5264,-0.400000
6.230000,100,0,4288.23,2,61.6026,-0.400000
6.240000,100,0,4292.54,2,61.6787,-0.400000
6.250000,100,0,4296.86,2,61.7548,-0.400000
6.260000,100,0,4301.17,2,61.8308,-0.400000
6.270000,100,0,4305.47,2,61.9067,-0.400000
6.280000,100,0,4309.77,2,61.9827,-0.400000
6.290000,100,0,4314.07,2,62.0585,-0.400000
6.300000,100,0,4318.36,2,62.1344,-0.400000
6.310000,100,0,4322.64,2,62.2102,-0.400000
6.320000,100,0,4326.92,2,62.2859,-0.400000
6.330000,100,0,4331.2,2,62.3616,-0.400000
6.340000,100,0,4335.47,2,62.4372,-0.400000
6.350000,100,0,4339.73,2,62.5128,-0.400000
6.360000,100,0,4344,2,62.5883,-0.400000
6.370000,100,0,4348.25,2,62.6638,-0.400000
6.380000,100,0,4352.5,2,62.7392,-0.400000
6.390000,100,0,4356.75,2,62.8146,-0.400000
6.400000,100,0,4360.99,2,62.89,-0.400000
6.410000,100,0,4365.23,2,62.9652,-0.400000
6.420000,100,0,4369.47,2,63.0405,-0.400000
6.430000,100,0,4373.69,2,63.1157,-0.400000
6.440000,100,0,4377.92,2,63.1908,-0.400000
6.450000,100,0,4382.14,2,63.2659,-0.400000
6.460000,100,0,4386.35,2,63.341,-0.400000
6.470000,100,0,4390.56,2,63.416,-0.400000
6.480000,100,0,4394.77,2,63.4909,-0.400000
6.490000,100,0,4398.97,2,63.5658,-0.400000
6.500000,100,0,4403.16,2,63.6407,-0.400000
6.510000,100,0,4407.3,2,63.7155,-0.400000
6.520000,100,0,4411.37,2,63.7902,-0.400000
6.530000,100,0,4415.42,2,63.8649,-0.400000
6.540000,100,0,4419.43,2,63.9395,-0.400000
6.550000,100,0,4423.44,2,64.014,-0.400000
6.560000,100,0,4427.42,2,64.0884,-0.400000
6.570000,100,0,4431.4,2,64.1627,-0.400000
6.580000,100,0,4435.37,2,64.237,-0.400000
6.590000,100,0,4439.34,2,64.3111,-0.400000
6.600000,100,0,4443.29,2,64.3852,-0.400000
6.610000,100,0,4447.24,2,64.4592,-0.400000
6.620000,100,0,4451.17,2,64.5331,-0.400000
6.630000,100,0,4455.11,2,64.6069,-0.400000
6.640000,100,0,4459.03,2,64.6806,-0.400000
6.650000,100,0,4462.95,2,64.7543,-0.400000
6.660000,100,0,4466.86,2,64.8278,-0.400000
6.670000,100,0,4470.76,2,64.9013,-0.400000
6.680000,100,0,4474.65,2,64.9746,-0.400000
6.690000,100,0,4478.54,2,65.0479,-0.400000
6.700000,100,0,4482.42,2,65.1211,-0.400000
6.710000,100,0,4486.3,2,65.1942,-0.400000
6.720000,100,0,4490.16,2,65.2672,-0.400000
6.730000,100,0,4494.02,2,65.3402,-0.400000
6.740000,100,0,4497.88,2,65.413,-0.400000
6.750000,100,0,4501.72,2,65.4858,-0.400000
6.760000,100,0,4505.56,2,65.5585,-0.400000
6.770000,100,0,4509.39,2,65.6311,-0.400000
6.780000,100,0,4513.22,2,65.7036,-0.400000
6.790000,100,0,4517.03,2,65.776,-0.400000
6.800000,100,0,4520.84,2,65.8484,-0.400000
6.810000,100,0,4524.65,2,65.9206,-0.400000
6.820000,100,0,4528.44,2,65.9928,-0.400000
6.830000,100,0,4532.23,2,66.0649,-0.400000
6.840000,100,0,4536.01,2,66.1369,-0.400000
6.850000,100,0,4539.79,2,66.2088,-0.400000
6.860000,100,0,4543.56,2,66.2806,-0.400000
6.870000,100,0,4547.32,2,66.3523,-0.400000
6.880000,100,0,4551.08,2,66.424,-0.400000
6.890000,100,0,4554.82,2,66.4956,-0.400000
6.900000,100,0,4558.57,2,66.5671,-0.400000
6.910000,100,0,4562.3,2,66.6385,-0.400000
6.920000,100,0,4566.03,2,66.7098,-0.400000
6.930000,100,0,4569.75,2,66.781,-0.400000
6.940000,100,0,4573.46,2,66.8522,-0.400000
6.950000,100,0,4577.17,2,66.9233,-0.400000
6.960000,100,0,4580.87,2,66.9943,-0.400000
6.970000,100,0,4584.56,2,67.0652,-0.400000
6.980000,100,0,4588.25,2,67.136,-0.400000
6.990000,100,0,4591.93,2,67.2067,-0.400000
7.000000,100,0,4595.61,2,67.2774,-0.400000
7.010000,100,0,4599.27,2,67.348,-0.400000
7.020000,100,0,4602.93,2,67.4184,-0.400000
7.030000,100,0,4606.59,2,67.4889,-0.400000
7.040000,100,0,4610.23,2,67.5592,-0.400000
7.050000,100,0,4613.87,2,67.6294,-0.400000
7.060000,100,0,4617.51,2,67.6996,-0.400000
7.070000,100,0,4621.14,2,67.7697,-0.400000
7.080000,100,0,4624.76,2,67.8397,-0.400000
7.090000,100,0,4628.37,2,67.9096,-0.400000
7.100000,100,0,4631.98,2,67.9794,-0.400000
7.110000,100,0,4635.58,2,68.0492,-0.400000
7.120000,100,0,4639.18,2,68.1189,-0.400000
7.130000,100,0,4642.76,2,68.1885,-0.400000
7.140000,100,0,4646.35,2,68.258,-0.400000
7.150000,100,0,4649.92,2,68.3274,-0.400000
7.160000,100,0,4653.49,2,68.3968,-0.400000
7.170000,100,0,4657.05,2,68.466,-0.400000
7.180000,100,0,4660.61,2,68.5352,-0.400000
7.190000,100,0,4664.16,2,68.6043,-0.400000
7.200000,100,0,4667.7,2,68.6734,-0.400000
7.210000,100,0,4671.24,2,68.7423,-0.400000
7.220000,100,0,4674.77,2,68.8112,-0.400000
7.230000,100,0,4678.29,2,68.88,-0.400000
7.240000,100,0,4681.81,2,68.9487,-0.400000
7.250000,100,0,4685.32,2,69.0173,-0.400000
7.260000,100,0,4688.83,2,69.0859,-0.400000
7.270000,100,0,4692.33,2,69.1543,-0.400000
7.280000,100,0,4695.82,2,69.2227,-0.400000
7.290000,100,0,4699.31,2,69.291,-0.400000
7.300000,100,0,4702.79,2,69.3593,-0.400000
7.310000,100,0,4706.26,2,69.4274,-0.400000
7.320000,100,0,4709.73,2,69.4955,-0.400000
7.330000,100,0,4713.19,2,69.5635,-0.400000
7.340000,100,0,4716.65,2,69.6314,-0.400000
7.350000,100,0,4720.1,2,69.6993,-0.400000
7.360000,100,0,4723.54,2,69.767,-0.400000
7.370000,100,0,4726.98,2,69.8347,-0.400000
7.380000,100,0,4730.41,2,69.9023,-0.400000
7.390000,100,0,4733.83,2,69.9698,-0.400000
7.400000,100,0,4737.25,2,70.0373,-0.400000
7.410000,100,0,4740.66,2,70.1047,-0.400000
7.420000,100,0,4744.07,2,70.172,-0.400000
7.430000,100,0,4747.47,2,70.2392,-0.400000
7.440000,100,0,4750.86,2,70.3063,-0.400000
7.450000,100,0,4754.25,2,70.3734,-0.400000
7.460000,100,0,4757.63,2,70.4404,-0.400000
7.470000,100,0,4761.01,2,70.5073,-0.400000
7.480000,100,0,4764.38,2,70.5741,-0.400000
7.490000,100,0,4767.74,2,70.6409,-0.400000
7.500000,100,0,4771.1,2,70.7075,-0.400000
7.510000,100,0,4774.46,2,70.7741,-0.400000
7.520000,100,0,4777.8,2,70.8407,-0.400000
7.530000,100,0,4781.14,2,70.9071,-0.400000
7.540000,100,0,4784.48,2,70.9735,-0.400000
7.550000,100,0,4787.81,2,71.0398,-0.400000
7.560000,100,0,4791.13,2,71.106,-0.400000
7.570000,100,0,4794.45,2,71.1721,-0.400000
7.580000,100,0,4797.76,2,71.2382,-0.400000
7.590000,100,0,4801.06,2,71.3042,-0.400000
7.600000,100,0,4804.36,2,71.3701,-0.400000
7.610000,100,0,4807.65,2,71.436,-0.400000
7.620000,100,0,4810.94,3,71.5017,-0.400000
7.630000,100,0,4472.62,3,71.7451,-0.400000
7.640000,100,0,4232.48,3,71.9282,-0.400000
7.650000,100,0,4054.94,3,72.0729,-0.400000
7.660000,100,0,3919.45,3,72.1922,-0.400000
7.670000,100,0,3820.31,3,72.2906,-0.400000
7.680000,100,0,3750.11,3,72.3742,-0.400000
7.690000,100,0,3703.82,3,72.4478,-0.400000
7.700000,100,0,3674.89,3,72.5143,-0.400000
7.710000,100,0,3658.84,3,72.5755,-0.400000
7.720000,100,0,3650.62,3,72.6335,-0.400000
7.730000,100,0,3646.67,3,72.6898,-0.400000
7.740000,100,0,3645.49,3,72.745,-0.400000
7.750000,100,0,3645.77,3,72.7996,-0.400000
7.760000,100,0,3646.85,3,72.8539,-0.400000
7.770000,100,0,3648.38,3,72.9079,-0.400000
7.780000,100,0,3650.15,3,72.9618,-0.400000
7.790000,100,0,3652.05,3,73.0157,-0.400000
7.800000,100,0,3654.03,3,73.0695,-0.400000
7.810000,100,0,3656.05,3,73.1232,-0.400000
7.820000,100,0,3658.1,3,73.177,-0.400000
7.830000,100,0,3660.15,3,73.2307,-0.400000
7.840000,100,0,3662.21,3,73.2843,-0.400000
7.850000,100,0,3664.28,3,73.338,-0.400000
7.860000,100,0,3666.34,3,73.3916,-0.400000
7.870000,100,0,3668.41,3,73.4452,-0.400000
7.880000,100,0,3670.47,3,73.4988,-0.400000
7.890000,100,0,3672.54,3,73.5523,-0.400000
7.900000,100,0,3674.6,3,73.6059,-0.400000
7.910000,100,0,3676.66,3,73.6594,-0.400000
7.920000,100,0,3678.72,3,73.7129,-0.400000
7.930000,100,0,3680.77,3,73.7663,-0.400000
7.940000,100,0,3682.83,3,73.8198,-0.400000
7.950000,100,0,3684.89,3,73.8732,-0.400000
7.960000,100,0,3686.94,3,73.9266,-0.400000
7.970000,100,0,3688.99,3,73.98,-0.400000
7.980000,100,0,3691.04,3,74.0333,-0.400000
7.990000,100,0,3693.09,3,74.0867,-0.400000
8.000000,100,0,3695.14,3,74.14,-0.400000
8.010000,100,0,3697.18,3,74.1933,-0.400000
8.020000,100,0,3699.23,3,74.2465,-0.400000
8.030000,100,0,3701.27,3,74.2998,-0.400000
8.040000,100,0,3703.31,3,74.353,-0.400000
8.050000,100,0,3705.35,3,74.4062,-0.400000
8.060000,100,0,3707.39,3,74.4593,-0.400000
8.070000,100,0,3709.42,3,74.5125,-0.400000
8.080000,100,0,3711.46,3,74.5656,-0.400000
8.090000,100,0,3713.49,3,74.6187,-0.400000
8.100000,100,0,3715.53,3,74.6718,-0.400000
8.110000,100,0,3717.56,3,74.7249,-0.400000
8.120000,100,0,3719.59,3,74.7779,-0.400000
8.130000,100,0,3721.61,3,74.8309,-0.400000
8.140000,100,0,3723.64,3,74.8839,-0.400000
8.150000,100,0,3725.66,3,74.9369,-0.400000
8.160000,100,0,3727.69,3,74.9899,-0.400000
8.170000,100,0,3729.71,3,75.0428,-0.400000
8.180000,100,0,3731.73,3,75.0957,-0.400000
8.190000,100,0,3733.75,3,75.1486,-0.400000
8.200000,100,0,3735.77,3,75.2014,-0.400000
8.210000,100,0,3737.78,3,75.2543,-0.400000
8.220000,100,0,3739.8,3,75.3071,-0.400000
8.230000,100,0,3741.81,3,75.3599,-0.400000
8.240000,100,0,3743.82,3,75.4127,-0.400000
8.250000,100,0,3745.83,3,75.4654,-0.400000
8.260000,100,0,3747.84,3,75.5181,-0.400000
8.270000,100,0,3749.85,3,75.5708,-0.400000
8.280000,100,0,3751.85,3,75.6235,-0.400000
8.290000,100,0,3753.86,3,75.6762,-0.400000
8.300000,100,0,3755.86,3,75.7288,-0.400000
8.310000,100,0,3757.86,3,75.7814,-0.400000
8.320000,100,0,3759.86,3,75.834,-0.400000
8.330000,100,0,3761.86,3,75.8866,-0.400000
8.340000,100,0,3763.86,3,75.9392,-0.400000
8.350000,100,0,3765.85,3,75.9917,-0.400000
8.360000,100,0,3767.85,3,76.0442,-0.400000
8.370000,100,0,3769.84,3,76.0967,-0.400000
8.380000,100,0,3771.83,3,76.1491,-0.400000
8.390000,100,0,3773.82,3,76.2016,-0.400000
8.400000,100,0,3775.81,3,76.254,-0.400000
8.410000,100,0,3777.79,3,76.3064,-0.400000
8.420000,100,0,3779.78,3,76.3588,-0.400000
8.430000,100,0,3781.76,3,76.4111,-0.400000
8.440000,100,0,3783.75,3,76.4634,-0.400000
8.450000,100,0,3785.73,3,76.5157,-0.400000
8.460000,100,0,3787.71,3,76.568,-0.400000
8.470000,100,0,3789.69,3,76.6203,-0.400000
8.480000,100,0,3791.66,3,76.6725,-0.400000
8.490000,100,0,3793.64,3,76.7247,-0.400000
8.500000,100,0,3795.61,3,76.7769,-0.400000
8.510000,100,0,3797.58,3,76.8291,-0.400000
8.520000,100,0,3799.56,3,76.8813,-0.400000
8.530000,100,0,3801.53,3,76.9334,-0.400000
8.540000,100,0,3803.49,3,76.9855,-0.400000
8.550000,100,0,3805.46,3,77.0376,-0.400000
8.560000,100,0,3807.43,3,77.0896,-0.400000
8.570000,100,0,3809.39,3,77.1417,-0.400000
8.580000,100,0,3811.35,3,77.1937,-0.400000
8.590000,100,0,3813.31,3,77.2457,-0.400000
8.600000,100,0,3815.27,3,77.2977,-0.400000
8.610000,100,0,3817.23,3,77.3496,-0.400000
8.620000,100,0,3819.19,3,77.4016,-0.400000
8.630000,100,0,3821.14,3,77.4535,-0.400000
8.640000,100,0,3823.1,3,77.5054,-0.400000
8.650000,100,0,3825.05,3,77.5572,-0.400000
8.660000,100,0,3827,3,77.6091,-0.400000
8.670000,100,0,3828.95,3,77.6609,-0.400000
8.680000,100,0,3830.9,3,77.7127,-0.400000
8.690000,100,0,3832.85,3,77.7645,-0.400000
8.700000,100,0,3834.79,3,77.8162,-0.400000
8.710000,100,0,3836.74,3,77.868,-0.400000
8.720000,100,0,3838.68,3,77.9197,-0.400000
8.730000,100,0,3840.62,3,77.9714,-0.400000
8.740000,100,0,3842.56,3,78.023,-0.400000
8.750000,100,0,3844.5,3,78.0747,-0.400000
8.760000,100,0,3846.44,3,78.1263,-0.400000
8.770000,100,0,3848.37,3,78.1779,-0.400000
8.780000,100,0,3850.31,3,78.2295,-0.400000
8.790000,100,0,3852.24,3,78.281,-0.400000
8.800000,100,0,3854.17,3,78.3326,-0.400000
8.810000,100,0,3856.1,3,78.3841,-0.400000
8.820000,100,0,3858.03,3,78.4356,-0.400000
8.830000,100,0,3859.96,3,78.487,-0.400000
8.840000,100,0,3861.88,3,78.5385,-0.400000
8.850000,100,0,3863.81,3,78.5899,-0.400000
8.860000,100,0,3865.83,3,78.6413,-0.400000
8.870000,100,0,3867.9,3,78.6926,-0.400000
8.880000,100,0,3869.99,3,78.7439,-0.400000
8.890000,100,0,3872.08,3,78.7952,-0.400000
8.900000,100,0,3874.17,3,78.8464,-0.400000
8.910000,100,0,3876.27,3,78.8976,-0.400000
8.920000,100,0,3878.36,3,78.9488,-0.400000
8.930000,100,0,3880.45,3,79,-0.400000
8.940000,100,0,3882.54,3,79.0511,-0.400000
8.950000,100,0,3884.63,3,79.1022,-0.400000
8.960000,100,0,3886.72,3,79.1533,-0.400000
8.970000,100,0,3888.81,3,79.2044,-0.400000
8.980000,100,0,3890.89,3,79.2554,-0.400000
8.990000,100,0,3892.98,3,79.3064,-0.400000
9.000000,100,0,3895.06,3,79.3574,-0.400000
9.010000,100,0,3897.14,3,79.4084,-0.400000
9.020000,100,0,3899.22,3,79.4594,-0.400000
9.030000,100,0,3901.3,3,79.5103,-0.400000
9.040000,100,0,3903.38,3,79.5612,-0.400000
9.050000,100,0,3905.45,3,79.6121,-0.400000
9.060000,100,0,3907.53,3,79.6629,-0.400000
9.070000,100,0,3909.6,3,79.7138,-0.400000
9.080000,100,0,3911.67,3,79.7646,-0.400000
9.090000,100,0,3913.74,3,79.8154,-0.400000
9.100000,100,0,3915.81,3,79.8661,-0.400000
9.110000,100,0,3917.88,3,79.9169,-0.400000
9.120000,100,0,3919.94,3,79.9676,-0.400000
9.130000,100,0,3922.01,3,80.0183,-0.400000
9.140000,100,0,3924.07,3,80.069,-0.400000
9.150000,100,0,3926.13,3,80.1196,-0.400000
9.160000,100,0,3928.19,3,80.1702,-0.400000
9.170000,100,0,3930.25,3,80.2208,-0.400000
9.180000,100,0,3932.31,3,80.2714,-0.400000
9.190000,100,0,3934.36,3,80.322,-0.400000
9.200000,100,0,3936.42,3,80.3725,-0.400000
9.210000,100,0,3938.47,3,80.423,-0.400000
9.220000,100,0,3940.52,3,80.4735,-0.400000
9.230000,100,0,3942.57,3,80.5239,-0.400000
9.240000,100,0,3944.62,3,80.5744,-0.400000
9.250000,100,0,3946.67,3,80.6248,-0.400000
9.260000,100,0,3948.72,3,80.6752,-0.400000
9.270000,100,0,3950.76,3,80.7255,-0.400000
9.280000,100,0,3952.8,3,80.7759,-0.400000
9.290000,100,0,3954.84,3,80.8262,-0.400000
9.300000,100,0,3956.89,3,80.8765,-0.400000
9.310000,100,0,3958.92,3,80.9268,-0.400000
9.320000,100,0,3960.96,3,80.977,-0.400000
9.330000,100,0,3963,3,81.0273,-0.400000
9.340000,100,0,3965.03,3,81.0775,-0.400000
9.350000,100,0,3967.07,3,81.1276,-0.400000
9.360000,100,0,3969.1,3,81.1778,-0.400000
9.370000,100,0,3971.13,3,81.2279,-0.400000
9.380000,100,0,3973.16,3,81.278,-0.400000
9.390000,100,0,3975.19,3,81.3281,-0.400000
9.400000,100,0,3977.21,3,81.3782,-0.400000
9.410000,100,0,3979.24,3,81.4282,-0.400000
9.420000,100,0,3981.26,3,81.4782,-0.400000
9.430000,100,0,3983.28,3,81.5282,-0.400000
9.440000,100,0,3985.31,3,81.5782,-0.400000
9.450000,100,0,3987.32,3,81.6281,-0.400000
9.460000,100,0,3989.34,3,81.6781,-0.400000
9.470000,100,0,3991.36,3,81.728,-0.400000
9.480000,100,0,3993.38,3,81.7778,-0.400000
9.490000,100,0,3995.39,3,81.8277,-0.400000
9.500000,100,0,3997.4,3,81.8775,-0.400000
9.510000,100,0,3999.41,3,81.9273,-0.400000
9.520000,100,0,4001.42,3,81.9771,-0.400000
9.530000,100,0,4003.43,3,82.0269,-0.400000
9.540000,100,0,4005.44,3,82.0766,-0.400000
9.550000,100,0,4007.45,3,82.1263,-0.400000
9.560000,100,0,4009.46,3,82.176,-0.400000
9.570000,100,0,4011.47,3,82.2257,-0.400000
9.580000,100,0,4013.48,3,82.2754,-0.400000
9.590000,100,0,4015.48,3,82.325,-0.400000
9.600000,100,0,4017.48,3,82.3746,-0.400000
9.610000,100,0,4019.49,3,82.4242,-0.400000
9.620000,100,0,4021.49,3,82.4737,-0.400000
9.630000,100,0,4023.49,3,82.5233,-0.400000
9.640000,100,0,4025.49,3,82.5728,-0.400000
9.650000,100,0,4027.48,3,82.6223,-0.400000
9.660000,100,0,4029.48,3,82.6717,-0.400000
9.670000,100,0,4031.47,3,82.7212,-0.400000
9.680000,100,0,4033.47,3,82.7706,-0.400000
9.690000,100,0,4035.46,3,82.82,-0.400000
9.700000,100,0,4037.45,3,82.8694,-0.400000
9.710000,100,0,4039.44,3,82.9188,-0.400000
9.720000,100,0,4041.43,3,82.9681,-0.400000
9.730000,100,0,4043.41,3,83.0174,-0.400000
9.740000,100,0,4045.4,3,83.0667,-0.400000
9.750000,100,0,4047.38,3,83.116,-0.400000
9.760000,100,0,4049.37,3,83.1652,-0.400000
9.770000,100,0,4051.35,3,83.2145,-0.400000
9.780000,100,0,4053.33,3,83.2637,-0.400000
9.790000,100,0,4055.31,3,83.3129,-0.400000
9.800000,100,0,4057.28,3,83.362,-0.400000
9.810000,100,0,4059.26,3,83.4112,-0.400000
9.820000,100,0,4061.23,3,83.4603,-0.400000
9.830000,100,0,4063.21,3,83.5094,-0.400000
9.840000,100,0,4065.18,3,83.5584,-0.400000
9.850000,100,0,4067.15,3,83.6075,-0.400000
9.860000,100,0,4069.12,3,83.6565,-0.400000
9.870000,100,0,4071.09,3,83.7055,-0.400000
9.880000,100,0,4073.06,3,83.7545,-0.400000
9.890000,100,0,4075.02,3,83.8035,-0.400000
9.900000,100,0,4076.99,3,83.8524,-0.400000
9.910000,100,0,4078.95,3,83.9013,-0.400000
9.920000,100,0,4080.91,3,83.9502,-0.400000
9.930000,100,0,4082.87,3,83.9991,-0.400000
9.940000,100,0,4084.83,3,84.048,-0.400000
9.950000,100,0,4086.79,3,84.0968,-0.400000
9.960000,100,0,4088.75,3,84.1456,-0.400000
9.970000,100,0,4090.7,3,84.1944,-0.400000
9.980000,100,0,4092.66,3,84.2432,-0.400000
9.990000,100,0,4094.61,3,84.2919,-0.400000
10.000000,100,0,4096.56,3,84.3406,-0.400000
10.010000,100,0,4098.51,3,84.3893,-0.400000
10.020000,100,0,4100.46,3,84.438,-0.400000
10.030000,100,0,4102.41,3,84.4867,-0.400000
10.040000,100,0,4104.35,3,84.5353,-0.400000
10.050000,100,0,4106.3,3,84.5839,-0.400000
10.060000,100,0,4108.24,3,84.6325,-0.400000
10.070000,100,0,4110.19,3,84.6811,-0.400000
10.080000,100,0,4112.13,3,84.7296,-0.400000
10.090000,100,0,4114.07,3,84.7781,-0.400000
10.100000,100,0,4116.01,3,84.8266,-0.400000
10.110000,100,0,4117.94,3,84.8751,-0.400000
10.120000,100,0,4119.88,3,84.9236,-0.400000
10.130000,100,0,4121.82,3,84.972,-0.400000
10.140000,100,0,4123.75,3,85.0204,-0.400000
10.150000,100,0,4125.68,3,85.0688,-0.400000
10.160000,100,0,4127.61,3,85.1172,-0.400000
10.170000,100,0,4129.54,3,85.1656,-0.400000
10.180000,100,0,4131.47,3,85.2139,-0.400000
10.190000,100,0,4133.4,3,85.2622,-0.400000
10.200000,100,0,4135.32,3,85.3105,-0.400000
10.210000,100,0,4137.25,3,85.3587,-0.400000
10.220000,100,0,4139.17,3,85.407,-0.400000
10.230000,100,0,4141.1,3,85.4552,-0.400000
10.240000,100,0,4143.02,3,85.5034,-0.400000
10.250000,100,0,4144.94,3,85.5516,-0.400000
10.260000,100,0,4146.86,3,85.5997,-0.400000
10.270000,100,0,4148.77,3,85.6479,-0.400000
10.280000,100,0,4150.69,3,85.696,-0.400000
10.290000,100,0,4152.6,3,85.7441,-0.400000
10.300000,100,0,4154.52,3,85.7921,-0.400000
10.310000,100,0,4156.43,3,85.8402,-0.400000
10.320000,100,0,4158.34,3,85.8882,-0.400000
10.330000,100,0,4160.25,3,85.9362,-0.400000
10.340000,100,0,4162.16,3,85.9842,-0.400000
10.350000,100,0,4164.07,3,86.0321,-0.400000
10.360000,100,0,4165.97,3,86.0801,-0.400000
10.370000,100,0,4167.88,3,86.128,-0.400000
10.380000,100,0,4169.78,3,86.1759,-0.400000
10.390000,100,0,4171.68,3,86.2238,-0.400000
10.400000,100,0,4173.58,3,86.2716,-0.400000
10.410000,100,0,4175.48,3,86.3194,-0.400000
10.420000,100,0,4177.38,3,86.3672,-0.400000
10.430000,100,0,4179.28,3,86.415,-0.400000
10.440000,100,0,4181.18,3,86.4628,-0.400000
10.450000,100,0,4183.07,3,86.5105,-0.400000
10.460000,100,0,4184.96,3,86.5582,-0.400000
10.470000,100,0,4186.86,3,86.6059,-0.400000
10.480000,100,0,4188.75,3,86.6536,-0.400000
10.490000,100,0,4190.64,3,86.7013,-0.400000
10.500000,100,0,4192.53,3,86.7489,-0.400000
10.510000,100,0,4194.41,3,86.7965,-0.400000
10.520000,100,0,4196.3,3,86.8441,-0.400000
10.530000,100,0,4198.18,3,86.8917,-0.400000
10.540000,100,0,4200.07,3,86.9392,-0.400000
10.550000,100,0,4201.95,3,86.9868,-0.400000
10.560000,100,0,4203.83,3,87.0343,-0.400000
10.570000,100,0,4205.71,3,87.0817,-0.400000
10.580000,100,0,4207.59,3,87.1292,-0.400000
10.590000,100,0,4209.47,3,87.1766,-0.400000
10.600000,100,0,4211.34,3,87.2241,-0.400000
10.610000,100,0,4213.22,3,87.2715,-0.400000
10.620000,100,0,4215.09,3,87.3188,-0.400000
10.630000,100,0,4216.96,3,87.3662,-0.400000
10.640000,100,0,4218.84,3,87.4135,-0.400000
10.650000,100,0,4220.71,3,87.4608,-0.400000
10.660000,100,0,4222.57,3,87.5081,-0.400000
10.670000,100,0,4224.44,3,87.5554,-0.400000
10.680000,100,0,4226.31,3,87.6026,-0.400000
10.690000,100,0,4228.17,3,87.6499,-0.400000
10.700000,100,0,4230.04,3,87.6971,-0.400000
10.710000,100,0,4231.9,3,87.7442,-0.400000
10.720000,100,0,4233.76,3,87.7914,-0.400000
10.730000,100,0,4235.62,3,87.8385,-0.400000
10.740000,100,0,4237.48,3,87.8857,-0.400000
10.750000,100,0,4239.34,3,87.9328,-0.400000
10.760000,100,0,4241.2,3,87.9798,-0.400000
10.770000,100,0,4243.05,3,88.0269,-0.400000
10.780000,100,0,4244.91,3,88.0739,-0.400000
10.790000,100,0,4246.76,3,88.1209,-0.400000
10.800000,100,0,4248.61,3,88.1679,-0.400000
10.810000,100,0,4250.46,3,88.2149,-0.400000
10.820000,100,0,4252.31,3,88.2618,-0.400000
10.830000,100,0,4254.16,3,88.3088,-0.400000
10.840000,100,0,4256.01,3,88.3557,-0.400000
10.850000,100,0,4257.85,3,88.4025,-0.400000
10.860000,100,0,4259.7,3,88.4494,-0.400000
10.870000,100,0,4261.54,3,88.4962,-0.400000
10.880000,100,0,4263.38,3,88.5431,-0.400000
10.890000,100,0,4265.22,3,88.5899,-0.400000
10.900000,100,0,4267.06,3,88.6366,-0.400000
10.910000,100,0,4268.9,3,88.6834,-0.400000
10.920000,100,0,4270.74,3,88.7301,-0.400000
10.930000,100,0,4272.58,3,88.7768,-0.400000
10.940000,100,0,4274.41,3,88.8235,-0.400000
10.950000,100,0,4276.24,3,88.8702,-0.400000
10.960000,100,0,4278.08,3,88.9168,-0.400000
10.970000,100,0,4279.91,3,88.9635,-0.400000
10.980000,100,0,4281.74,3,89.0101,-0.400000
10.990000,100,0,4283.57,3,89.0566,-0.400000
11.000000,100,0,4285.39,3,89.1032,-0.400000
11.010000,100,0,4287.22,3,89.1498,-0.400000
11.020000,100,0,4289.05,3,89.1963,-0.400000
11.030000,100,0,4290.87,3,89.2428,-0.400000
11.040000,100,0,4292.69,3,89.2892,-0.400000
11.050000,100,0,4294.52,3,89.3357,-0.400000
11.060000,100,0,4296.34,3,89.3821,-0.400000
11.070000,100,0,4298.16,3,89.4286,-0.400000
11.080000,100,0,4299.97,3,89.4749,-0.400000
11.090000,100,0,4301.79,3,89.5213,-0.400000
11.100000,100,0,4303.61,3,89.5677,-0.400000
11.110000,100,0,4305.42,3,89.614,-0.400000
11.120000,100,0,4307.23,3,89.6603,-0.400000
11.130000,100,0,4309.05,3,89.7066,-0.400000
11.140000,100,0,4310.86,3,89.7529,-0.400000
11.150000,100,0,4312.67,3,89.7991,-0.400000
11.160000,100,0,4314.48,3,89.8453,-0.400000
11.170000,100,0,4316.28,3,89.8915,-0.400000
11.180000,100,0,4318.09,3,89.9377,-0.400000
11.190000,100,0,4319.9,3,89.9839,-0.400000
11.200000,100,0,4321.7,3,90.03,-0.400000
11.210000,100,0,4323.5,3,90.0761,-0.400000
11.220000,100,0,4325.3,3,90.1222,-0.400000
11.230000,100,0,4327.11,3,90.1683,-0.400000
11.240000,100,0,4328.9,3,90.2143,-0.400000
11.250000,100,0,4330.7,3,90.2604,-0.400000
11.260000,100,0,4332.5,3,90.3064,-0.400000
11.270000,100,0,4334.3,3,90.3524,-0.400000
11.280000,100,0,4336.09,3,90.3984,-0.400000
11.290000,100,0,4337.88,3,90.4443,-0.400000
11.300000,100,0,4339.68,3,90.4902,-0.400000
11.310000,100,0,4341.47,3,90.5361,-0.400000
11.320000,100,0,4343.26,3,90.582,-0.400000
11.330000,100,0,4345.05,3,90.6279,-0.400000
11.340000,100,0,4346.83,3,90.6737,-0.400000
11.350000,100,0,4348.62,3,90.7196,-0.400000
11.360000,100,0,4350.4,3,90.7654,-0.400000
11.370000,100,0,4352.19,3,90.8111,-0.400000
11.380000,100,0,4353.97,3,90.8569,-0.400000
11.390000,100,0,4355.75,3,90.9026,-0.400000
11.400000,100,0,4357.53,3,90.9484,-0.400000
11.410000,100,0,4359.31,3,90.9941,-0.400000
11.420000,100,0,4361.09,3,91.0397,-0.400000
11.430000,100,0,4362.87,3,91.0854,-0.400000
11.440000,100,0,4364.65,3,91.131,-0.400000
11.450000,100,0,4366.42,3,91.1766,-0.400000
11.460000,100,0,4368.19,3,91.2222,-0.400000
11.470000,100,0,4369.97,3,91.2678,-0.400000
11.480000,100,0,4371.74,3,91.3133,-0.400000
11.490000,100,0,4373.51,3,91.3589,-0.400000
11.500000,100,0,4375.28,3,91.4044,-0.400000
11.510000,100,0,4377.04,3,91.4499,-0.400000
11.520000,100,0,4378.81,3,91.4953,-0.400000
11.530000,100,0,4380.58,3,91.5408,-0.400000
11.540000,100,0,4382.34,3,91.5862,-0.400000
11.550000,100,0,4384.1,3,91.6316,-0.400000
11.560000,100,0,4385.87,3,91.677,-0.400000
11.570000,100,0,4387.63,3,91.7223,-0.400000
11.580000,100,0,4389.39,3,91.7677,-0.400000
11.590000,100,0,4391.15,3,91.813,-0.400000
11.600000,100,0,4392.9,3,91.8583,-0.400000
11.610000,100,0,4394.66,3,91.9036,-0.400000
11.620000,100,0,4396.42,3,91.9488,-0.400000
11.630000,100,0,4398.17,3,91.9941,-0.400000
11.640000,100,0,4399.92,3,92.0393,-0.400000
11.650000,100,0,4401.67,3,92.0845,-0.400000
11.660000,100,0,4403.39,3,92.1297,-0.400000
11.670000,100,0,4405.09,3,92.1748,-0.400000
11.680000,100,0,4406.78,3,92.2199,-0.400000
11.690000,100,0,4408.46,3,92.265,-0.400000
11.700000,100,0,4410.14,3,92.3101,-0.400000
11.710000,100,0,4411.81,3,92.3551,-0.400000
11.720000,100,0,4413.48,3,92.4001,-0.400000
11.730000,100,0,4415.15,3,92.4451,-0.400000
11.740000,100,0,4416.81,3,92.49,-0.400000
11.750000,100,0,4418.48,3,92.5349,-0.400000
11.760000,100,0,4420.14,3,92.5797,-0.400000
11.770000,100,0,4421.8,3,92.6246,-0.400000
11.780000,100,0,4423.46,3,92.6694,-0.400000
11.790000,100,0,4425.11,3,92.7141,-0.400000
11.800000,100,0,4426.77,3,92.7589,-0.400000
11.810000,100,0,4428.42,3,92.8036,-0.400000
11.820000,100,0,4430.07,3,92.8482,-0.400000
11.830000,100,0,4431.72,3,92.8929,-0.400000
11.840000,100,0,4433.37,3,92.9375,-0.400000
11.850000,100,0,4435.02,3,92.982,-0.400000
11.860000,100,0,4436.66,3,93.0266,-0.400000
11.870000,100,0,4438.31,3,93.0711,-0.400000
11.880000,100,0,4439.95,3,93.1156,-0.400000
11.890000,100,0,4441.59,3,93.16,-0.400000
11.900000,100,0,4443.23,3,93.2044,-0.400000
11.910000,100,0,4444.86,3,93.2488,-0.400000
11.920000,100,0,4446.5,3,93.2931,-0.400000
11.930000,100,0,4448.13,3,93.3374,-0.400000
11.940000,100,0,4449.76,3,93.3817,-0.400000
11.950000,100,0,4451.39,3,93.426,-0.400000
11.960000,100,0,4453.02,3,93.4702,-0.400000
11.970000,100,0,4454.65,3,93.5144,-0.400000
11.980000,100,0,4456.27,3,93.5585,-0.400000
11.990000,100,0,4457.9,3,93.6026,-0.400000
12.000000,100,0,4459.52,3,93.6467,-0.400000
12.010000,100,0,4461.14,3,93.6908,-0.400000
12.020000,100,0,4462.76,3,93.7348,-0.400000
12.030000,100,0,4464.38,3,93.7788,-0.400000
12.040000,100,0,4465.99,3,93.8227,-0.400000
12.050000,100,0,4467.61,3,93.8667,-0.400000
12.060000,100,0,4469.22,3,93.9106,-0.400000
12.070000,100,0,4470.83,3,93.9544,-0.400000
12.080000,100,0,4472.44,3,93.9983,-0.400000
12.090000,100,0,4474.05,3,94.0421,-0.400000
12.100000,100,0,4475.65,3,94.0858,-0.400000
12.110000,100,0,4477.26,3,94.1296,-0.400000
12.120000,100,0,4478.86,3,94.1733,-0.400000
12.130000,100,0,4480.46,3,94.2169,-0.400000
12.140000,100,0,4482.06,3,94.2606,-0.400000
12.150000,100,0,4483.66,3,94.3042,-0.400000
12.160000,100,0,4485.25,3,94.3478,-0.400000
12.170000,100,0,4486.85,3,94.3913,-0.400000
12.180000,100,0,4488.44,3,94.4348,-0.400000
12.190000,100,0,4490.03,3,94.4783,-0.400000
12.200000,100,0,4491.62,3,94.5218,-0.400000
12.210000,100,0,4493.21,3,94.5652,-0.400000
12.220000,100,0,4494.8,3,94.6086,-0.400000
12.230000,100,0,4496.38,3,94.6519,-0.400000
12.240000,100,0,4497.97,3,94.6952,-0.400000
12.250000,100,0,4499.55,3,94.7385,-0.400000
12.260000,100,0,4501.13,3,94.7818,-0.400000
12.270000,100,0,4502.71,3,94.825,-0.400000
12.280000,100,0,4504.29,3,94.8682,-0.400000
12.290000,100,0,4505.86,3,94.9114,-0.400000
12.300000,100,0,4507.44,3,94.9545,-0.400000
12.310000,100,0,4509.01,3,94.9976,-0.400000
12.320000,100,0,4510.58,3,95.0407,-0.400000
12.330000,100,0,4512.15,3,95.0838,-0.400000
12.340000,100,0,4513.72,3,95.1268,-0.400000
12.350000,100,0,4515.28,3,95.1697,-0.400000
12.360000,100,0,4516.85,3,95.2127,-0.400000
12.370000,100,0,4518.41,3,95.2556,-0.400000
12.380000,100,0,4519.97,3,95.2985,-0.400000
12.390000,100,0,4521.53,3,95.3414,-0.400000
12.400000,100,0,4523.09,3,95.3842,-0.400000
12.410000,100,0,4524.65,3,95.427,-0.400000
12.420000,100,0,4526.21,3,95.4697,-0.400000
12.430000,100,0,4527.76,3,95.5125,-0.400000
12.440000,100,0,4529.31,3,95.5552,-0.400000
12.450000,100,0,4530.86,3,95.5978,-0.400000
12.460000,100,0,4532.41,3,95.6405,-0.400000
12.470000,100,0,4533.96,3,95.6831,-0.400000
12.480000,100,0,4535.51,3,95.7257,-0.400000
12.490000,100,0,4537.05,3,95.7682,-0.400000
12.500000,100,0,4538.6,3,95.8107,-0.400000
12.510000,100,0,4540.14,3,95.8532,-0.400000
12.520000,100,0,4541.68,3,95.8957,-0.400000
12.530000,100,0,4543.22,3,95.9381,-0.400000
12.540000,100,0,4544.75,3,95.9805,-0.400000
12.550000,100,0,4546.29,3,96.0228,-0.400000
12.560000,100,0,4547.82,3,96.0652,-0.400000
12.570000,100,0,4549.36,3,96.1075,-0.400000
12.580000,100,0,4550.89,3,96.1497,-0.400000
12.590000,100,0,4552.42,3,96.192,-0.400000
12.600000,100,0,4553.94,3,96.2342,-0.400000
12.610000,100,0,4555.47,3,96.2763,-0.400000
12.620000,100,0,4557,3,96.3185,-0.400000
12.630000,100,0,4558.52,3,96.3606,-0.400000
12.640000,100,0,4560.04,3,96.4027,-0.400000
12.650000,100,0,4561.56,3,96.4447,-0.400000
12.660000,100,0,4563.08,3,96.4868,-0.400000
12.670000,100,0,4564.6,3,96.5288,-0.400000
12.680000,100,0,4566.12,3,96.5707,-0.400000
12.690000,100,0,4567.63,3,96.6127,-0.400000
12.700000,100,0,4569.14,3,96.6546,-0.400000
12.710000,100,0,4570.65,3,96.6964,-0.400000
12.720000,100,0,4572.16,3,96.7383,-0.400000
12.730000,100,0,4573.67,3,96.7801,-0.400000
12.740000,100,0,4575.18,3,96.8219,-0.400000
12.750000,100,0,4576.69,3,96.8636,-0.400000
12.760000,100,0,4578.19,3,96.9053,-0.400000
12.770000,100,0,4579.69,3,96.947,-0.400000
12.780000,100,0,4581.19,3,96.9887,-0.400000
12.790000,100,0,4582.69,3,97.0303,-0.400000
12.800000,100,0,4584.19,3,97.0719,-0.400000
12.810000,100,0,4585.69,3,97.1135,-0.400000
12.820000,100,0,4587.18,3,97.155,-0.400000
12.830000,100,0,4588.68,3,97.1965,-0.400000
12.840000,100,0,4590.17,3,97.238,-0.400000
12.850000,100,0,4591.66,3,97.2795,-0.400000
12.860000,100,0,4593.15,3,97.3209,-0.400000
12.870000,100,0,4594.64,3,97.3623,-0.400000
12.880000,100,0,4596.12,3,97.4036,-0.400000
12.890000,100,0,4597.61,3,97.445,-0.400000
12.900000,100,0,4599.09,3,97.4863,-0.400000
12.910000,100,0,4600.57,3,97.5275,-0.400000
12.920000,100,0,4602.05,3,97.5688,-0.400000
12.930000,100,0,4603.53,3,97.61,-0.400000
12.940000,100,0,4605.01,3,97.6512,-0.400000
12.950000,100,0,4606.49,3,97.6923,-0.400000
12.960000,100,0,4607.96,3,97.7334,-0.400000
12.970000,100,0,4609.44,3,97.7745,-0.400000
12.980000,100,0,4610.91,3,97.8156,-0.400000
12.990000,100,0,4612.38,3,97.8566,-0.400000
13.000000,100,0,4613.85,3,97.8976,-0.400000
13.010000,100,0,4615.31,3,97.9386,-0.400000
13.020000,100,0,4616.78,3,97.9795,-0.400000
13.030000,100,0,4618.25,3,98.0204,-0.400000
13.040000,100,0,4619.71,3,98.0613,-0.400000
13.050000,100,0,4621.17,3,98.1022,-0.400000
13.060000,100,0,4622.63,3,98.143,-0.400000
13.070000,100,0,4624.09,3,98.1838,-0.400000
13.080000,100,0,4625.55,3,98.2246,-0.400000
13.090000,100,0,4627,3,98.2653,-0.400000
13.100000,100,0,4628.46,3,98.306,-0.400000
13.110000,100,0,4629.91,3,98.3467,-0.400000
13.120000,100,0,4631.36,3,98.3873,-0.400000
13.130000,100,0,4632.81,3,98.4279,-0.400000
13.140000,100,0,4634.26,3,98.4685,-0.400000
13.150000,100,0,4635.71,3,98.5091,-0.400000
13.160000,100,0,4637.16,3,98.5496,-0.400000
13.170000,100,0,4638.6,3,98.5901,-0.400000
13.180000,100,0,4640.04,3,98.6306,-0.400000
13.190000,100,0,4641.48,3,98.671,-0.400000
13.200000,100,0,4642.93,3,98.7114,-0.400000
13.210000,100,0,4644.36,3,98.7518,-0.400000
13.220000,100,0,4645.8,3,98.7922,-0.400000
13.230000,100,0,4647.24,3,98.8325,-0.400000
13.240000,100,0,4648.67,3,98.8728,-0.400000
13.250000,100,0,4650.11,3,98.9131,-0.400000
13.260000,100,0,4651.54,3,98.9533,-0.400000
13.270000,100,0,4652.97,3,98.9935,-0.400000
13.280000,100,0,4654.4,3,99.0337,-0.400000
13.290000,100,0,4655.83,3,99.0738,-0.400000
13.300000,100,0,4657.25,3,99.114,-0.400000
13.310000,100,0,4658.68,3,99.1541,-0.400000
13.320000,100,0,4660.1,3,99.1941,-0.400000
13.330000,100,0,4661.52,3,99.2342,-0.400000
13.340000,100,0,4662.94,3,99.2742,-0.400000
13.350000,100,0,4664.36,3,99.3141,-0.400000
13.360000,100,0,4665.78,3,99.3541,-0.400000
13.370000,100,0,4667.2,3,99.394,-0.400000
13.380000,100,0,4668.61,3,99.4339,-0.400000
13.390000,100,0,4670.03,3,99.4737,-0.400000
13.400000,100,0,4671.44,3,99.5136,-0.400000
13.410000,100,0,4672.85,3,99.5534,-0.400000
13.420000,100,0,4674.26,3,99.5932,-0.400000
13.430000,100,0,4675.67,3,99.6329,-0.400000
13.440000,100,0,4677.07,3,99.6726,-0.400000
13.450000,100,0,4678.48,3,99.7123,-0.400000
13.460000,100,0,4679.88,3,99.752,-0.400000
13.470000,100,0,4681.29,3,99.7916,-0.400000
13.480000,100,0,4682.69,3,99.8312,-0.400000
13.490000,100,0,4684.09,3,99.8708,-0.400000
13.500000,100,0,4685.49,3,99.9103,-0.400000
13.510000,100,0,4686.88,3,99.9498,-0.400000
13.520000,100,0,4688.28,3,99.9893,-0.400000
13.530000,100,0,4689.68,3,100.029,-0.400000
13.540000,100,0,4691.07,3,100.068,-0.400000
13.550000,100,0,4692.46,3,100.108,-0.400000
13.560000,100,0,4693.85,3,100.147,-0.400000
13.570000,100,0,4695.24,3,100.186,-0.400000
13.580000,100,0,4696.63,3,100.226,-0.400000
13.590000,100,0,4698.01,3,100.265,-0.400000
13.600000,100,0,4699.4,3,100.304,-0.400000
13.610000,100,0,4700.78,3,100.343,-0.400000
13.620000,100,0,4702.17,3,100.383,-0.400000
13.630000,100,0,4703.55,3,100.422,-0.400000
13.640000,100,0,4704.93,3,100.461,-0.400000
13.650000,100,0,4706.31,3,100.5,-0.400000
13.660000,100,0,4707.68,3,100.539,-0.400000
13.670000,100,0,4709.06,3,100.578,-0.400000
13.680000,100,0,4710.43,3,100.617,-0.400000
13.690000,100,0,4711.81,3,100.656,-0.400000
13.700000,100,0,4713.18,3,100.695,-0.400000
13.710000,100,0,4714.55,3,100.734,-0.400000
13.720000,100,0,4715.92,3,100.773,-0.400000
13.730000,100,0,4717.28,3,100.812,-0.400000
13.740000,100,0,4718.65,3,100.851,-0.400000
13.750000,100,0,4720.02,4,100.89,-0.400000
13.760000,100,0,4394.06,4,101.046,-0.400000
13.770000,100,0,4159.28,4,101.164,-0.400000
13.780000,100,0,3984.32,4,101.256,-0.400000
13.790000,100,0,3850.42,4,101.331,-0.400000
13.800000,100,0,3746.63,4,101.394,-0.400000
13.810000,100,0,3669.23,4,101.447,-0.400000
13.820000,100,0,3612.76,4,101.492,-0.400000
13.830000,100,0,3571.81,4,101.533,-0.400000
13.840000,100,0,3544.28,4,101.569,-0.400000
13.850000,100,0,3524.94,4,101.603,-0.400000
13.860000,100,0,3512.33,4,101.635,-0.400000
13.870000,100,0,3504.66,4,101.666,-0.400000
13.880000,100,0,3500.02,4,101.696,-0.400000
13.890000,100,0,3497.28,4,101.725,-0.400000
13.900000,100,0,3495.95,4,101.754,-0.400000
13.910000,100,0,3495.48,4,101.782,-0.400000
13.920000,100,0,3495.51,4,101.811,-0.400000
13.930000,100,0,3495.84,4,101.839,-0.400000
13.940000,100,0,3496.34,4,101.868,-0.400000
13.950000,100,0,3496.94,4,101.896,-0.400000
13.960000,100,0,3497.61,4,101.924,-0.400000
13.970000,100,0,3498.32,4,101.952,-0.400000
13.980000,100,0,3499.04,4,101.98,-0.400000
13.990000,100,0,3499.78,4,102.009,-0.400000
14.000000,100,0,3500.53,4,102.037,-0.400000
14.010000,100,0,3501.28,4,102.065,-0.400000
14.020000,100,0,3502.03,4,102.093,-0.400000
14.030000,100,0,3502.79,4,102.121,-0.400000
14.040000,100,0,3503.54,4,102.149,-0.400000
14.050000,100,0,3504.3,4,102.178,-0.400000
14.060000,100,0,3505.06,4,102.206,-0.400000
14.070000,100,0,3505.81,4,102.234,-0.400000
14.080000,100,0,3506.57,4,102.262,-0.400000
14.090000,100,0,3507.33,4,102.29,-0.400000
14.100000,100,0,3508.08,4,102.318,-0.400000
14.110000,100,0,3508.84,4,102.346,-0.400000
14.120000,100,0,3509.59,4,102.374,-0.400000
14.130000,100,0,3510.35,4,102.403,-0.400000
14.140000,100,0,3511.1,4,102.431,-0.400000
14.150000,100,0,3511.86,4,102.459,-0.400000
14.160000,100,0,3512.61,4,102.487,-0.400000
14.170000,100,0,3513.37,4,102.515,-0.400000
14.180000,100,0,3514.12,4,102.543,-0.400000
14.190000,100,0,3514.88,4,102.571,-0.400000
14.200000,100,0,3515.63,4,102.599,-0.400000
14.210000,100,0,3516.38,4,102.627,-0.400000
14.220000,100,0,3517.14,4,102.655,-0.400000
14.230000,100,0,3517.89,4,102.683,-0.400000
14.240000,100,0,3518.64,4,102.711,-0.400000
14.250000,100,0,3519.39,4,102.739,-0.400000
14.260000,100,0,3520.15,4,102.767,-0.400000
14.270000,100,0,3520.9,4,102.795,-0.400000
14.280000,100,0,3521.65,4,102.823,-0.400000
14.290000,100,0,3522.4,4,102.851,-0.400000
14.300000,100,0,3523.15,4,102.879,-0.400000
14.310000,100,0,3523.9,4,102.907,-0.400000
14.320000,100,0,3524.65,4,102.935,-0.400000
14.330000,100,0,3525.41,4,102.963,-0.400000
14.340000,100,0,3526.16,4,102.991,-0.400000
14.350000,100,0,3526.91,4,103.019,-0.400000
14.360000,100,0,3527.66,4,103.047,-0.400000
14.370000,100,0,3528.4,4,103.075,-0.400000
14.380000,100,0,3529.15,4,103.103,-0.400000
14.390000,100,0,3529.9,4,103.131,-0.400000
14.400000,100,0,3530.65,4,103.159,-0.400000
14.410000,100,0,3531.4,4,103.187,-0.400000
14.420000,100,0,3532.15,4,103.215,-0.400000
14.430000,100,0,3532.9,4,103.242,-0.400000
14.440000,100,0,3533.64,4,103.27,-0.400000
14.450000,100,0,3534.39,4,103.298,-0.400000
14.460000,100,0,3535.14,4,103.326,-0.400000
14.470000,100,0,3535.89,4,103.354,-0.400000
14.480000,100,0,3536.63,4,103.382,-0.400000
14.490000,100,0,3537.38,4,103.41,-0.400000
14.500000,100,0,3538.13,4,103.438,-0.400000
14.510000,100,0,3538.87,4,103.465,-0.400000
14.520000,100,0,3539.62,4,103.493,-0.400000
14.530000,100,0,3540.36,4,103.521,-0.400000
14.540000,100,0,3541.11,4,103.549,-0.400000
14.550000,100,0,3541.85,4,103.577,-0.400000
14.560000,100,0,3542.6,4,103.605,-0.400000
14.570000,100,0,3543.34,4,103.632,-0.400000
14.580000,100,0,3544.09,4,103.66,-0.400000
14.590000,100,0,3544.83,4,103.688,-0.400000
14.600000,100,0,3545.58,4,103.716,-0.400000
14.610000,100,0,3546.32,4,103.744,-0.400000
14.620000,100,0,3547.06,4,103.771,-0.400000
14.630000,100,0,3547.81,4,103.799,-0.400000
14.640000,100,0,3548.55,4,103.827,-0.400000
14.650000,100,0,3549.29,4,103.855,-0.400000
14.660000,100,0,3550.03,4,103.882,-0.400000
14.670000,100,0,3550.78,4,103.91,-0.400000
14.680000,100,0,3551.52,4,103.938,-0.400000
14.690000,100,0,3552.26,4,103.966,-0.400000
14.700000,100,0,3553,4,103.993,-0.400000
14.710000,100,0,3553.74,4,104.021,-0.400000
14.720000,100,0,3554.48,4,104.049,-0.400000
14.730000,100,0,3555.22,4,104.076,-0.400000
14.740000,100,0,3555.97,4,104.104,-0.400000
14.750000,100,0,3556.71,4,104.132,-0.400000
14.760000,100,0,3557.45,4,104.16,-0.400000
14.770000,100,0,3558.19,4,104.187,-0.400000
14.780000,100,0,3558.93,4,104.215,-0.400000
14.790000,100,0,3559.66,4,104.243,-0.400000
14.800000,100,0,3560.4,4,104.27,-0.400000
14.810000,100,0,3561.14,4,104.298,-0.400000
14.820000,100,0,3561.88,4,104.325,-0.400000
14.830000,100,0,3562.62,4,104.353,-0.400000
14.840000,100,0,3563.36,4,104.381,-0.400000
14.850000,100,0,3564.1,4,104.408,-0.400000
14.860000,100,0,3564.83,4,104.436,-0.400000
14.870000,100,0,3565.57,4,104.464,-0.400000
14.880000,100,0,3566.31,4,104.491,-0.400000
14.890000,100,0,3567.04,4,104.519,-0.400000
14.900000,100,0,3567.78,4,104.546,-0.400000
14.910000,100,0,3568.52,4,104.574,-0.400000
14.920000,100,0,3569.25,4,104.602,-0.400000
14.930000,100,0,3569.99,4,104.629,-0.400000
14.940000,100,0,3570.73,4,104.657,-0.400000
14.950000,100,0,3571.46,4,104.684,-0.400000
14.960000,100,0,3572.2,4,104.712,-0.400000
14.970000,100,0,3572.93,4,104.739,-0.400000
14.980000,100,0,3573.67,4,104.767,-0.400000
14.990000,100,0,3574.4,4,104.794,-0.400000
15.000000,100,0,3575.14,4,104.822,-0.400000
15.010000,100,0,3575.87,4,104.85,-0.400000
15.020000,100,0,3576.6,4,104.877,-0.400000
15.030000,100,0,3577.34,4,104.905,-0.400000
15.040000,100,0,3578.07,4,104.932,-0.400000
15.050000,100,0,3578.8,4,104.96,-0.400000
15.060000,100,0,3579.54,4,104.987,-0.400000
15.070000,100,0,3580.27,4,105.015,-0.400000
15.080000,100,0,3581,4,105.042,-0.400000
15.090000,100,0,3581.73,4,105.069,-0.400000
15.100000,100,0,3582.46,4,105.097,-0.400000
15.110000,100,0,3583.2,4,105.124,-0.400000
15.120000,100,0,3583.93,4,105.152,-0.400000
15.130000,100,0,3584.66,4,105.179,-0.400000
15.140000,100,0,3585.39,4,105.207,-0.400000
15.150000,100,0,3586.12,4,105.234,-0.400000
15.160000,100,0,3586.85,4,105.262,-0.400000
15.170000,100,0,3587.58,4,105.289,-0.400000
15.180000,100,0,3588.31,4,105.316,-0.400000
15.190000,100,0,3589.04,4,105.344,-0.400000
15.200000,100,0,3589.77,4,105.371,-0.400000
15.210000,100,0,3590.5,4,105.399,-0.400000
15.220000,100,0,3591.23,4,105.426,-0.400000
15.230000,100,0,3591.96,4,105.453,-0.400000
15.240000,100,0,3592.69,4,105.481,-0.400000
15.250000,100,0,3593.41,4,105.508,-0.400000
15.260000,100,0,3594.14,4,105.536,-0.400000
15.270000,100,0,3594.87,4,105.563,-0.400000
15.280000,100,0,3595.6,4,105.59,-0.400000
15.290000,100,0,3596.33,4,105.618,-0.400000
15.300000,100,0,3597.05,4,105.645,-0.400000
15.310000,100,0,3597.78,4,105.672,-0.400000
15.320000,100,0,3598.51,4,105.7,-0.400000
15.330000,100,0,3599.23,4,105.727,-0.400000
15.340000,100,0,3599.96,4,105.754,-0.400000
15.350000,100,0,3600.68,4,105.781,-0.400000
15.360000,100,0,3601.4,4,105.809,-0.400000
15.370000,100,0,3602.1,4,105.836,-0.400000
15.380000,100,0,3602.81,4,105.863,-0.400000
15.390000,100,0,3603.5,4,105.891,-0.400000
15.400000,100,0,3604.2,4,105.918,-0.400000
15.410000,100,0,3604.9,4,105.945,-0.400000
15.420000,100,0,3605.61,4,105.972,-0.400000
15.430000,100,0,3606.32,4,106,-0.400000
15.440000,100,0,3607.04,4,106.027,-0.400000
15.450000,100,0,3607.75,4,106.054,-0.400000
15.460000,100,0,3608.47,4,106.081,-0.400000
15.470000,100,0,3609.18,4,106.108,-0.400000
15.480000,100,0,3609.9,4,106.136,-0.400000
15.490000,100,0,3610.62,4,106.163,-0.400000
15.500000,100,0,3611.33,4,106.19,-0.400000
15.510000,100,0,3612.05,4,106.217,-0.400000
15.520000,100,0,3612.76,4,106.244,-0.400000
15.530000,100,0,3613.48,4,106.271,-0.400000
15.540000,100,0,3614.19,4,106.298,-0.400000
15.550000,100,0,3614.91,4,106.325,-0.400000
15.560000,100,0,3615.62,4,106.353,-0.400000
15.570000,100,0,3616.34,4,106.38,-0.400000
15.580000,100,0,3617.05,4,106.407,-0.400000
15.590000,100,0,3617.76,4,106.434,-0.400000
15.600000,100,0,3618.48,4,106.461,-0.400000
15.610000,100,0,3619.19,4,106.488,-0.400000
15.620000,100,0,3619.9,4,106.515,-0.400000
15.630000,100,0,3620.61,4,106.542,-0.400000
15.640000,100,0,3621.32,4,106.569,-0.400000
15.650000,100,0,3622.03,4,106.596,-0.400000
15.660000,100,0,3622.74,4,106.623,-0.400000
15.670000,100,0,3623.45,4,106.65,-0.400000
15.680000,100,0,3624.16,4,106.677,-0.400000
15.690000,100,0,3624.87,4,106.704,-0.400000
15.700000,100,0,3625.58,4,106.731,-0.400000
15.710000,100,0,3626.29,4,106.758,-0.400000
15.720000,100,0,3627,4,106.785,-0.400000
15.730000,100,0,3627.71,4,106.812,-0.400000
15.740000,100,0,3628.42,4,106.839,-0.400000
15.750000,100,0,3629.13,4,106.865,-0.400000
15.760000,100,0,3629.83,4,106.892,-0.400000
15.770000,100,0,3630.54,4,106.919,-0.400000
15.780000,100,0,3631.25,4,106.946,-0.400000
15.790000,100,0,3631.95,4,106.973,-0.400000
15.800000,100,0,3632.66,4,107,-0.400000
15.810000,100,0,3633.36,4,107.027,-0.400000
15.820000,100,0,3634.07,4,107.054,-0.400000
15.830000,100,0,3634.77,4,107.08,-0.400000
15.840000,100,0,3635.48,4,107.107,-0.400000
15.850000,100,0,3636.18,4,107.134,-0.400000
15.860000,100,0,3636.89,4,107.161,-0.400000
15.870000,100,0,3637.59,4,107.188,-0.400000
15.880000,100,0,3638.29,4,107.214,-0.400000
15.890000,100,0,3639,4,107.241,-0.400000
15.900000,100,0,3639.7,4,107.268,-0.400000
15.910000,100,0,3640.4,4,107.295,-0.400000
15.920000,100,0,3641.1,4,107.321,-0.400000
15.930000,100,0,3641.81,4,107.348,-0.400000
15.940000,100,0,3642.51,4,107.375,-0.400000
15.950000,100,0,3643.21,4,107.401,-0.400000
15.960000,100,0,3643.91,4,107.428,-0.400000
15.970000,100,0,3644.61,4,107.455,-0.400000
15.980000,100,0,3645.31,4,107.482,-0.400000
15.990000,100,0,3646.01,4,107.508,-0.400000
16.000000,100,0,3646.71,4,107.535,-0.400000
16.010000,100,0,3647.41,4,107.562,-0.400000
16.020000,100,0,3648.1,4,107.588,-0.400000
16.030000,100,0,3648.8,4,107.615,-0.400000
16.040000,100,0,3649.5,4,107.641,-0.400000
16.050000,100,0,3650.2,4,107.668,-0.400000
16.060000,100,0,3650.9,4,107.695,-0.400000
16.070000,100,0,3651.59,4,107.721,-0.400000
16.080000,100,0,3652.29,4,107.748,-0.400000
16.090000,100,0,3652.99,4,107.774,-0.400000
16.100000,100,0,3653.68,4,107.801,-0.400000
16.110000,100,0,3654.38,4,107.827,-0.400000
16.120000,100,0,3655.07,4,107.854,-0.400000
16.130000,100,0,3655.77,4,107.881,-0.400000
16.140000,100,0,3656.46,4,107.907,-0.400000
16.150000,100,0,3657.16,4,107.934,-0.400000
16.160000,100,0,3657.85,4,107.96,-0.400000
16.170000,100,0,3658.54,4,107.987,-0.400000
16.180000,100,0,3659.24,4,108.013,-0.400000
16.190000,100,0,3659.93,4,108.04,-0.400000
16.200000,100,0,3660.62,4,108.066,-0.400000
16.210000,100,0,3661.32,4,108.092,-0.400000
16.220000,100,0,3662.01,4,108.119,-0.400000
16.230000,100,0,3662.7,4,108.145,-0.400000
16.240000,100,0,3663.39,4,108.172,-0.400000
16.250000,100,0,3664.08,4,108.198,-0.400000
16.260000,100,0,3664.77,4,108.225,-0.400000
16.270000,100,0,3665.46,4,108.251,-0.400000
16.280000,100,0,3666.15,4,108.277,-0.400000
16.290000,100,0,3666.84,4,108.304,-0.400000
16.300000,100,0,3667.53,4,108.33,-0.400000
16.310000,100,0,3668.22,4,108.356,-0.400000
16.320000,100,0,3668.91,4,108.383,-0.400000
16.330000,100,0,3669.6,4,108.409,-0.400000
16.340000,100,0,3670.29,4,108.435,-0.400000
16.350000,100,0,3670.97,4,108.462,-0.400000
16.360000,100,0,3671.66,4,108.488,-0.400000
16.370000,100,0,3672.35,4,108.514,-0.400000
16.380000,100,0,3673.04,4,108.541,-0.400000
16.390000,100,0,3673.72,4,108.567,-0.400000
16.400000,100,0,3674.41,4,108.593,-0.400000
16.410000,100,0,3675.09,4,108.619,-0.400000
16.420000,100,0,3675.78,4,108.646,-0.400000
16.430000,100,0,3676.46,4,108.672,-0.400000
16.440000,100,0,3677.15,4,108.698,-0.400000
16.450000,100,0,3677.83,4,108.724,-0.400000
16.460000,100,0,3678.52,4,108.751,-0.400000
16.470000,100,0,3679.2,4,108.777,-0.400000
16.480000,100,0,3679.88,4,108.803,-0.400000
16.490000,100,0,3680.57,4,108.829,-0.400000
16.500000,100,0,3681.25,4,108.855,-0.400000
16.510000,100,0,3681.93,4,108.881,-0.400000
16.520000,100,0,3682.62,4,108.908,-0.400000
16.530000,100,0,3683.3,4,108.934,-0.400000
16.540000,100,0,3683.98,4,108.96,-0.400000
16.550000,100,0,3684.66,4,108.986,-0.400000
16.560000,100,0,3685.34,4,109.012,-0.400000
16.570000,100,0,3686.02,4,109.038,-0.400000
16.580000,100,0,3686.7,4,109.064,-0.400000
16.590000,100,0,3687.38,4,109.09,-0.400000
16.600000,100,0,3688.06,4,109.116,-0.400000
16.610000,100,0,3688.74,4,109.143,-0.400000
16.620000,100,0,3689.42,4,109.169,-0.400000
16.630000,100,0,3690.1,4,109.195,-0.400000
16.640000,100,0,3690.78,4,109.221,-0.400000
16.650000,100,0,3691.45,4,109.247,-0.400000
16.660000,100,0,3692.13,4,109.273,-0.400000
16.670000,100,0,3692.81,4,109.299,-0.400000
16.680000,100,0,3693.49,4,109.325,-0.400000
16.690000,100,0,3694.16,4,109.351,-0.400000
16.700000,100,0,3694.84,4,109.377,-0.400000
16.710000,100,0,3695.52,4,109.403,-0.400000
16.720000,100,0,3696.19,4,109.429,-0.400000
16.730000,100,0,3696.87,4,109.455,-0.400000
16.740000,100,0,3697.54,4,109.48,-0.400000
16.750000,100,0,3698.22,4,109.506,-0.400000
16.760000,100,0,3698.89,4,109.532,-0.400000
16.770000,100,0,3699.57,4,109.558,-0.400000
16.780000,100,0,3700.24,4,109.584,-0.400000
16.790000,100,0,3700.91,4,109.61,-0.400000
16.800000,100,0,3701.59,4,109.636,-0.400000
16.810000,100,0,3702.26,4,109.662,-0.400000
16.820000,100,0,3702.93,4,109.688,-0.400000
16.830000,100,0,3703.6,4,109.713,-0.400000
16.840000,100,0,3704.28,4,109.739,-0.400000
16.850000,100,0,3704.95,4,109.765,-0.400000
16.860000,100,0,3705.62,4,109.791,-0.400000
16.870000,100,0,3706.29,4,109.817,-0.400000
16.880000,100,0,3706.96,4,109.843,-0.400000
16.890000,100,0,3707.63,4,109.868,-0.400000
16.900000,100,0,3708.3,4,109.894,-0.400000
16.910000,100,0,3708.97,4,109.92,-0.400000
16.920000,100,0,3709.64,4,109.946,-0.400000
16.930000,100,0,3710.31,4,109.971,-0.400000
16.940000,100,0,3710.98,4,109.997,-0.400000
16.950000,100,0,3711.65,4,110.023,-0.400000
16.960000,100,0,3712.31,4,110.049,-0.400000
16.970000,100,0,3712.98,4,110.074,-0.400000
16.980000,100,0,3713.65,4,110.1,-0.400000
16.990000,100,0,3714.32,4,110.126,-0.400000
17.000000,100,0,3714.98,4,110.151,-0.400000
17.010000,100,0,3715.65,4,110.177,-0.400000
17.020000,100,0,3716.32,4,110.203,-0.400000
17.030000,100,0,3716.98,4,110.228,-0.400000
17.040000,100,0,3717.65,4,110.254,-0.400000
17.050000,100,0,3718.31,4,110.28,-0.400000
17.060000,100,0,3718.98,4,110.305,-0.400000
17.070000,100,0,3719.64,4,110.331,-0.400000
17.080000,100,0,3720.31,4,110.357,-0.400000
17.090000,100,0,3720.97,4,110.382,-0.400000
17.100000,100,0,3721.63,4,110.408,-0.400000
17.110000,100,0,3722.3,4,110.433,-0.400000
17.120000,100,0,3722.96,4,110.459,-0.400000
17.130000,100,0,3723.62,4,110.484,-0.400000
17.140000,100,0,3724.29,4,110.51,-0.400000
17.150000,100,0,3724.95,4,110.536,-0.400000
17.160000,100,0,3725.61,4,110.561,-0.400000
17.170000,100,0,3726.27,4,110.587,-0.400000
17.180000,100,0,3726.93,4,110.612,-0.400000
17.190000,100,0,3727.59,4,110.638,-0.400000
17.200000,100,0,3728.25,4,110.663,-0.400000
17.210000,100,0,3728.91,4,110.689,-0.400000
17.220000,100,0,3729.57,4,110.714,-0.400000
17.230000,100,0,3730.23,4,110.74,-0.400000
17.240000,100,0,3730.89,4,110.765,-0.400000
17.250000,100,0,3731.55,4,110.79,-0.400000
17.260000,100,0,3732.21,4,110.816,-0.400000
17.270000,100,0,3732.87,4,110.841,-0.400000
17.280000,100,0,3733.53,4,110.867,-0.400000
17.290000,100,0,3734.18,4,110.892,-0.400000
17.300000,100,0,3734.84,4,110.918,-0.400000
17.310000,100,0,3735.5,4,110.943,-0.400000
17.320000,100,0,3736.16,4,110.968,-0.400000
17.330000,100,0,3736.81,4,110.994,-0.400000
17.340000,100,0,3737.47,4,111.019,-0.400000
17.350000,100,0,3738.12,4,111.044,-0.400000
17.360000,100,0,3738.78,4,111.07,-0.400000
17.370000,100,0,3739.43,4,111.095,-0.400000
17.380000,100,0,3740.09,4,111.12,-0.400000
17.390000,100,0,3740.74,4,111.146,-0.400000
17.400000,100,0,3741.4,4,111.171,-0.400000
17.410000,100,0,3742.05,4,111.196,-0.400000
17.420000,100,0,3742.71,4,111.222,-0.400000
17.430000,100,0,3743.36,4,111.247,-0.400000
17.440000,100,0,3744.01,4,111.272,-0.400000
17.450000,100,0,3744.66,4,111.297,-0.400000
17.460000,100,0,3745.32,4,111.323,-0.400000
17.470000,100,0,3745.97,4,111.348,-0.400000
17.480000,100,0,3746.62,4,111.373,-0.400000
17.490000,100,0,3747.27,4,111.398,-0.400000
17.500000,100,0,3747.92,4,111.424,-0.400000
17.510000,100,0,3748.57,4,111.449,-0.400000
17.520000,100,0,3749.22,4,111.474,-0.400000
17.530000,100,0,3749.88,4,111.499,-0.400000
17.540000,100,0,3750.53,4,111.524,-0.400000
17.550000,100,0,3751.17,4,111.549,-0.400000
17.560000,100,0,3751.82,4,111.575,-0.400000
17.570000,100,0,3752.47,4,111.6,-0.400000
17.580000,100,0,3753.12,4,111.625,-0.400000
17.590000,100,0,3753.77,4,111.65,-0.400000
17.600000,100,0,3754.42,4,111.675,-0.400000
17.610000,100,0,3755.07,4,111.7,-0.400000
17.620000,100,0,3755.71,4,111.725,-0.400000
17.630000,100,0,3756.36,4,111.75,-0.400000
17.640000,100,0,3757.01,4,111.775,-0.400000
17.650000,100,0,3757.65,4,111.801,-0.400000
17.660000,100,0,3758.3,4,111.826,-0.400000
17.670000,100,0,3758.95,4,111.851,-0.400000
17.680000,100,0,3759.59,4,111.876,-0.400000
17.690000,100,0,3760.24,4,111.901,-0.400000
17.700000,100,0,3760.88,4,111.926,-0.400000
17.710000,100,0,3761.53,4,111.951,-0.400000
17.720000,100,0,3762.17,4,111.976,-0.400000
17.730000,100,0,3762.81,4,112.001,-0.400000
17.740000,100,0,3763.46,4,112.026,-0.400000
17.750000,100,0,3764.1,4,112.051,-0.400000
17.760000,100,0,3764.75,4,112.076,-0.400000
17.770000,100,0,3765.39,4,112.101,-0.400000
17.780000,100,0,3766.03,4,112.126,-0.400000
17.790000,100,0,3766.67,4,112.15,-0.400000
17.800000,100,0,3767.31,4,112.175,-0.400000
17.810000,100,0,3767.96,4,112.2,-0.400000
17.820000,100,0,3768.6,4,112.225,-0.400000
17.830000,100,0,3769.24,4,112.25,-0.400000
17.840000,100,0,3769.88,4,112.275,-0.400000
17.850000,100,0,3770.52,4,112.3,-0.400000
17.860000,100,0,3771.16,4,112.325,-0.400000
17.870000,100,0,3771.8,4,112.35,-0.400000
17.880000,100,0,3772.44,4,112.374,-0.400000
17.890000,100,0,3773.08,4,112.399,-0.400000
17.900000,100,0,3773.72,4,112.424,-0.400000
17.910000,100,0,3774.36,4,112.449,-0.400000
17.920000,100,0,3774.99,4,112.474,-0.400000
17.930000,100,0,3775.63,4,112.499,-0.400000
17.940000,100,0,3776.27,4,112.523,-0.400000
17.950000,100,0,3776.91,4,112.548,-0.400000
17.960000,100,0,3777.54,4,112.573,-0.400000
17.970000,100,0,3778.18,4,112.598,-0.400000
17.980000,100,0,3778.82,4,112.622,-0.400000
17.990000,100,0,3779.45,4,112.647,-0.400000
18.000000,100,0,3780.09,4,112.672,-0.400000
18.010000,100,0,3780.73,4,112.697,-0.400000
18.020000,100,0,3781.36,4,112.721,-0.400000
18.030000,100,0,3782,4,112.746,-0.400000
18.040000,100,0,3782.63,4,112.771,-0.400000
18.050000,100,0,3783.26,4,112.795,-0.400000
18.060000,100,0,3783.9,4,112.82,-0.400000
18.070000,100,0,3784.53,4,112.845,-0.400000
18.080000,100,0,3785.17,4,112.869,-0.400000
18.090000,100,0,3785.8,4,112.894,-0.400000
18.100000,100,0,3786.43,4,112.919,-0.400000
18.110000,100,0,3787.06,4,112.943,-0.400000
18.120000,100,0,3787.7,4,112.968,-0.400000
18.130000,100,0,3788.33,4,112.993,-0.400000
18.140000,100,0,3788.96,4,113.017,-0.400000
18.150000,100,0,3789.59,4,113.042,-0.400000
18.160000,100,0,3790.22,4,113.066,-0.400000
18.170000,100,0,3790.85,4,113.091,-0.400000
18.180000,100,0,3791.48,4,113.116,-0.400000
18.190000,100,0,3792.11,4,113.14,-0.400000
18.200000,100,0,3792.74,4,113.165,-0.400000
18.210000,100,0,3793.37,4,113.189,-0.400000
18.220000,100,0,3794,4,113.214,-0.400000
18.230000,100,0,3794.63,4,113.238,-0.400000
18.240000,100,0,3795.26,4,113.263,-0.400000
18.250000,100,0,3795.89,4,113.287,-0.400000
18.260000,100,0,3796.52,4,113.312,-0.400000
18.270000,100,0,3797.14,4,113.336,-0.400000
18.280000,100,0,3797.77,4,113.361,-0.400000
18.290000,100,0,3798.4,4,113.385,-0.400000
18.300000,100,0,3799.02,4,113.41,-0.400000
18.310000,100,0,3799.65,4,113.434,-0.400000
18.320000,100,0,3800.28,4,113.459,-0.400000
18.330000,100,0,3800.9,4,113.483,-0.400000
18.340000,100,0,3801.53,4,113.507,-0.400000
18.350000,100,0,3802.15,4,113.532,-0.400000
18.360000,100,0,3802.78,4,113.556,-0.400000
18.370000,100,0,3803.4,4,113.581,-0.400000
18.380000,100,0,3804.03,4,113.605,-0.400000
18.390000,100,0,3804.65,4,113.629,-0.400000
18.400000,100,0,3805.28,4,113.654,-0.400000
18.410000,100,0,3805.9,4,113.678,-0.400000
18.420000,100,0,3806.52,4,113.702,-0.400000
18.430000,100,0,3807.15,4,113.727,-0.400000
18.440000,100,0,3807.77,4,113.751,-0.400000
18.450000,100,0,3808.39,4,113.775,-0.400000
18.460000,100,0,3809.01,4,113.8,-0.400000
18.470000,100,0,3809.64,4,113.824,-0.400000
18.480000,100,0,3810.26,4,113.848,-0.400000
18.490000,100,0,3810.88,4,113.873,-0.400000
18.500000,100,0,3811.5,4,113.897,-0.400000
18.510000,100,0,3812.12,4,113.921,-0.400000
18.520000,100,0,3812.74,4,113.945,-0.400000
18.530000,100,0,3813.36,4,113.97,-0.400000
18.540000,100,0,3813.98,4,113.994,-0.400000
18.550000,100,0,3814.6,4,114.018,-0.400000
18.560000,100,0,3815.22,4,114.042,-0.400000
18.570000,100,0,3815.84,4,114.066,-0.400000
18.580000,100,0,3816.46,4,114.091,-0.400000
18.590000,100,0,3817.07,4,114.115,-0.400000
18.600000,100,0,3817.69,4,114.139,-0.400000
18.610000,100,0,3818.31,4,114.163,-0.400000
18.620000,100,0,3818.93,4,114.187,-0.400000
18.630000,100,0,3819.54,4,114.211,-0.400000
18.640000,100,0,3820.16,4,114.236,-0.400000
18.650000,100,0,3820.78,4,114.26,-0.400000
18.660000,100,0,3821.39,4,114.284,-0.400000
18.670000,100,0,3822.01,4,114.308,-0.400000
18.680000,100,0,3822.62,4,114.332,-0.400000
18.690000,100,0,3823.24,4,114.356,-0.400000
18.700000,100,0,3823.86,4,114.38,-0.400000
18.710000,100,0,3824.47,4,114.404,-0.400000
18.720000,100,0,3825.08,4,114.428,-0.400000
18.730000,100,0,3825.7,4,114.452,-0.400000
18.740000,100,0,3826.31,4,114.477,-0.400000
18.750000,100,0,3826.93,4,114.501,-0.400000
18.760000,100,0,3827.54,4,114.525,-0.400000
18.770000,100,0,3828.15,4,114.549,-0.400000
18.780000,100,0,3828.76,4,114.573,-0.400000
18.790000,100,0,3829.38,4,114.597,-0.400000
18.800000,100,0,3829.99,4,114.621,-0.400000
18.810000,100,0,3830.6,4,114.645,-0.400000
18.820000,100,0,3831.21,4,114.669,-0.400000
18.830000,100,0,3831.82,4,114.693,-0.400000
18.840000,100,0,3832.43,4,114.717,-0.400000
18.850000,100,0,3833.05,4,114.74,-0.400000
18.860000,100,0,3833.66,4,114.764,-0.400000
18.870000,100,0,3834.27,4,114.788,-0.400000
18.880000,100,0,3834.88,4,114.812,-0.400000
18.890000,100,0,3835.48,4,114.836,-0.400000
18.900000,100,0,3836.09,4,114.86,-0.400000
18.910000,100,0,3836.7,4,114.884,-0.400000
18.920000,100,0,3837.31,4,114.908,-0.400000
18.930000,100,0,3837.92,4,114.932,-0.400000
18.940000,100,0,3838.53,4,114.956,-0.400000
18.950000,100,0,3839.14,4,114.979,-0.400000
18.960000,100,0,3839.74,4,115.003,-0.400000
18.970000,100,0,3840.35,4,115.027,-0.400000
18.980000,100,0,3840.96,4,115.051,-0.400000
18.990000,100,0,3841.56,4,115.075,-0.400000
19.000000,100,0,3842.17,4,115.099,-0.400000
19.010000,100,0,3842.78,4,115.122,-0.400000
19.020000,100,0,3843.38,4,115.146,-0.400000
19.030000,100,0,3843.99,4,115.17,-0.400000
19.040000,100,0,3844.59,4,115.194,-0.400000
19.050000,100,0,3845.2,4,115.217,-0.400000
19.060000,100,0,3845.8,4,115.241,-0.400000
19.070000,100,0,3846.41,4,115.265,-0.400000
19.080000,100,0,3847.01,4,115.289,-0.400000
19.090000,100,0,3847.61,4,115.312,-0.400000
19.100000,100,0,3848.22,4,115.336,-0.400000
19.110000,100,0,3848.82,4,115.36,-0.400000
19.120000,100,0,3849.42,4,115.384,-0.400000
19.130000,100,0,3850.03,4,115.407,-0.400000
19.140000,100,0,3850.63,4,115.431,-0.400000
19.150000,100,0,3851.23,4,115.455,-0.400000
19.160000,100,0,3851.83,4,115.478,-0.400000
19.170000,100,0,3852.43,4,115.502,-0.400000
19.180000,100,0,3853.03,4,115.526,-0.400000
19.190000,100,0,3853.63,4,115.549,-0.400000
19.200000,100,0,3854.24,4,115.573,-0.400000
19.210000,100,0,3854.84,4,115.596,-0.400000
19.220000,100,0,3855.44,4,115.62,-0.400000
19.230000,100,0,3856.04,4,115.644,-0.400000
19.240000,100,0,3856.63,4,115.667,-0.400000
19.250000,100,0,3857.23,4,115.691,-0.400000
19.260000,100,0,3857.83,4,115.714,-0.400000
19.270000,100,0,3858.43,4,115.738,-0.400000
19.280000,100,0,3859.03,4,115.762,-0.400000
19.290000,100,0,3859.63,4,115.785,-0.400000
19.300000,100,0,3860.22,4,115.809,-0.400000
19.310000,100,0,3860.82,4,115.832,-0.400000
19.320000,100,0,3861.42,4,115.856,-0.400000
19.330000,100,0,3862.02,4,115.879,-0.400000
19.340000,100,0,3862.61,4,115.903,-0.400000
19.350000,100,0,3863.21,4,115.926,-0.400000
19.360000,100,0,3863.81,4,115.95,-0.400000
19.370000,100,0,3864.4,4,115.973,-0.400000
19.380000,100,0,3865,4,115.997,-0.400000
19.390000,100,0,3865.59,4,116.02,-0.400000
19.400000,100,0,3866.19,4,116.044,-0.400000
19.410000,100,0,3866.78,4,116.067,-0.400000
19.420000,100,0,3867.37,4,116.09,-0.400000
19.430000,100,0,3867.97,4,116.114,-0.400000
19.440000,100,0,3868.56,4,116.137,-0.400000
19.450000,100,0,3869.16,4,116.161,-0.400000
19.460000,100,0,3869.75,4,116.184,-0.400000
19.470000,100,0,3870.34,4,116.207,-0.400000
19.480000,100,0,3870.93,4,116.231,-0.400000
19.490000,100,0,3871.53,4,116.254,-0.400000
19.500000,100,0,3872.12,4,116.278,-0.400000
19.510000,100,0,3872.71,4,116.301,-0.400000
19.520000,100,0,3873.3,4,116.324,-0.400000
19.530000,100,0,3873.89,4,116.348,-0.400000
19.540000,100,0,3874.48,4,116.371,-0.400000
19.550000,100,0,3875.07,4,116.394,-0.400000
19.560000,100,0,3875.67,4,116.417,-0.400000
19.570000,100,0,3876.26,4,116.441,-0.400000
19.580000,100,0,3876.84,4,116.464,-0.400000
19.590000,100,0,3877.46,4,116.487,-0.400000
19.600000,100,0,3878.1,4,116.511,-0.400000
19.610000,100,0,3878.74,4,116.534,-0.400000
19.620000,100,0,3879.38,4,116.557,-0.400000
19.630000,100,0,3880.02,4,116.58,-0.400000
19.640000,100,0,3880.66,4,116.603,-0.400000
19.650000,100,0,3881.31,4,116.627,-0.400000
19.660000,100,0,3881.95,4,116.65,-0.400000
19.670000,100,0,3882.59,4,116.673,-0.400000
19.680000,100,0,3883.24,4,116.696,-0.400000
19.690000,100,0,3883.88,4,116.719,-0.400000
19.700000,100,0,3884.52,4,116.743,-0.400000
19.710000,100,0,3885.16,4,116.766,-0.400000
19.720000,100,0,3885.8,4,116.789,-0.400000
19.730000,100,0,3886.44,4,116.812,-0.400000
19.740000,100,0,3887.08,4,116.835,-0.400000
19.750000,100,0,3887.72,4,116.858,-0.400000
19.760000,100,0,3888.36,4,116.881,-0.400000
19.770000,100,0,3889,4,116.904,-0.400000
19.780000,100,0,3889.64,4,116.927,-0.400000
19.790000,100,0,3890.28,4,116.951,-0.400000
19.800000,100,0,3890.92,4,116.974,-0.400000
19.810000,100,0,3891.56,4,116.997,-0.400000
19.820000,100,0,3892.2,4,117.02,-0.400000
19.830000,100,0,3892.84,4,117.043,-0.400000
19.840000,100,0,3893.47,4,117.066,-0.400000
19.850000,100,0,3894.11,4,117.089,-0.400000
19.860000,100,0,3894.75,4,117.112,-0.400000
19.870000,100,0,3895.38,4,117.135,-0.400000
19.880000,100,0,3896.02,4,117.158,-0.400000
19.890000,100,0,3896.66,4,117.181,-0.400000
19.900000,100,0,3897.29,4,117.204,-0.400000
19.910000,100,0,3897.93,4,117.227,-0.400000
19.920000,100,0,3898.56,4,117.25,-0.400000
19.930000,100,0,3899.2,4,117.273,-0.400000
19.940000,100,0,3899.83,4,117.296,-0.400000
19.950000,100,0,3900.47,4,117.318,-0.400000
19.960000,100,0,3901.1,4,117.341,-0.400000
19.970000,100,0,3901.73,4,117.364,-0.400000
19.980000,100,0,3902.37,4,117.387,-0.400000
19.990000,100,0,3903,4,117.41,-0.400000
20.000000,100,0,3903.63,4,117.433,-0.400000
20.010000,100,0,3904.27,4,117.456,-0.400000
20.020000,100,0,3904.9,4,117.479,-0.400000
20.030000,100,0,3905.53,4,117.502,-0.400000
20.040000,100,0,3906.16,4,117.524,-0.400000
20.050000,100,0,3906.79,4,117.547,-0.400000
20.060000,100,0,3907.42,4,117.57,-0.400000
20.070000,100,0,3908.05,4,117.593,-0.400000
20.080000,100,0,3908.69,4,117.616,-0.400000
20.090000,100,0,3909.32,4,117.638,-0.400000
20.100000,100,0,3909.95,4,117.661,-0.400000
20.110000,100,0,3910.57,4,117.684,-0.400000
20.120000,100,0,3911.2,4,117.707,-0.400000
20.130000,100,0,3911.83,4,117.729,-0.400000
20.140000,100,0,3912.46,4,117.752,-0.400000
20.150000,100,0,3913.09,4,117.775,-0.400000
20.160000,100,0,3913.72,4,117.798,-0.400000
20.170000,100,0,3914.35,4,117.82,-0.400000
20.180000,100,0,3914.97,4,117.843,-0.400000
20.190000,100,0,3915.6,4,117.866,-0.400000
20.200000,100,0,3916.23,4,117.889,-0.400000
20.210000,100,0,3916.85,4,117.911,-0.400000
20.220000,100,0,3917.48,4,117.934,-0.400000
20.230000,100,0,3918.11,4,117.957,-0.400000
20.240000,100,0,3918.73,4,117.979,-0.400000
20.250000,100,0,3919.36,4,118.002,-0.400000
20.260000,100,0,3919.98,4,118.025,-0.400000
20.270000,100,0,3920.61,4,118.047,-0.400000
20.280000,100,0,3921.23,4,118.07,-0.400000
20.290000,100,0,3921.85,4,118.092,-0.400000
20.300000,100,0,3922.48,4,118.115,-0.400000
20.310000,100,0,3923.1,4,118.138,-0.400000
20.320000,100,0,3923.73,4,118.16,-0.400000
20.330000,100,0,3924.35,4,118.183,-0.400000
20.340000,100,0,3924.97,4,118.205,-0.400000
20.350000,100,0,3925.59,4,118.228,-0.400000
20.360000,100,0,3926.22,4,118.25,-0.400000
20.370000,100,0,3926.84,4,118.273,-0.400000
20.380000,100,0,3927.46,4,118.295,-0.400000
20.390000,100,0,3928.08,4,118.318,-0.400000
20.400000,100,0,3928.7,4,118.34,-0.400000
20.410000,100,0,3929.32,4,118.363,-0.400000
20.420000,100,0,3929.94,4,118.385,-0.400000
20.430000,100,0,3930.56,4,118.408,-0.400000
20.440000,100,0,3931.18,4,118.43,-0.400000
20.450000,100,0,3931.8,4,118.453,-0.400000
20.460000,100,0,3932.42,4,118.475,-0.400000
20.470000,100,0,3933.04,4,118.498,-0.400000
20.480000,100,0,3933.66,4,118.52,-0.400000
20.490000,100,0,3934.28,4,118.543,-0.400000
20.500000,100,0,3934.89,4,118.565,-0.400000
20.510000,100,0,3935.51,4,118.587,-0.400000
20.520000,100,0,3936.13,4,118.61,-0.400000
20.530000,100,0,3936.75,4,118.632,-0.400000
20.540000,100,0,3937.36,4,118.655,-0.400000
20.550000,100,0,3937.98,4,118.677,-0.400000
20.560000,100,0,3938.6,4,118.699,-0.400000
20.570000,100,0,3939.21,4,118.722,-0.400000
20.580000,100,0,3939.83,4,118.744,-0.400000
20.590000,100,0,3940.44,4,118.766,-0.400000
20.600000,100,0,3941.06,4,118.789,-0.400000
20.610000,100,0,3941.67,4,118.811,-0.400000
20.620000,100,0,3942.29,4,118.833,-0.400000
20.630000,100,0,3942.9,4,118.856,-0.400000
20.640000,100,0,3943.52,4,118.878,-0.400000
20.650000,100,0,3944.13,4,118.9,-0.400000
20.660000,100,0,3944.74,4,118.923,-0.400000
20.670000,100,0,3945.36,4,118.945,-0.400000
20.680000,100,0,3945.97,4,118.967,-0.400000
20.690000,100,0,3946.58,4,118.989,-0.400000
20.700000,100,0,3947.19,4,119.012,-0.400000
20.710000,100,0,3947.81,4,119.034,-0.400000
20.720000,100,0,3948.42,4,119.056,-0.400000
20.730000,100,0,3949.03,4,119.078,-0.400000
20.740000,100,0,3949.64,4,119.1,-0.400000
20.750000,100,0,3950.25,4,119.123,-0.400000
20.760000,100,0,3950.86,4,119.145,-0.400000
20.770000,100,0,3951.47,4,119.167,-0.400000
20.780000,100,0,3952.08,4,119.189,-0.400000
20.790000,100,0,3952.69,4,119.211,-0.400000
20.800000,100,0,3953.3,4,119.233,-0.400000
20.810000,100,0,3953.91,4,119.255,-0.400000
20.820000,100,0,3954.52,4,119.278,-0.400000
20.830000,100,0,3955.13,4,119.3,-0.400000
20.840000,100,0,3955.73,4,119.322,-0.400000
20.850000,100,0,3956.34,4,119.344,-0.400000
20.860000,100,0,3956.95,4,119.366,-0.400000
20.870000,100,0,3957.56,4,119.388,-0.400000
20.880000,100,0,3958.16,4,119.41,-0.400000
20.890000,100,0,3958.77,4,119.432,-0.400000
20.900000,100,0,3959.38,4,119.454,-0.400000
20.910000,100,0,3959.98,4,119.476,-0.400000
20.920000,100,0,3960.59,4,119.498,-0.400000
20.930000,100,0,3961.19,4,119.52,-0.400000
20.940000,100,0,3961.8,4,119.542,-0.400000
20.950000,100,0,3962.4,4,119.564,-0.400000
20.960000,100,0,3963.01,4,119.586,-0.400000
20.970000,100,0,3963.61,4,119.608,-0.400000
20.980000,100,0,3964.22,4,119.63,-0.400000
20.990000,100,0,3964.82,4,119.652,-0.400000
21.000000,100,0,3965.42,4,119.674,-0.400000
21.010000,100,0,3966.03,4,119.696,-0.400000
21.020000,100,0,3966.63,4,119.718,-0.400000
21.030000,100,0,3967.23,4,119.74,-0.400000
21.040000,100,0,3967.84,4,119.762,-0.400000
21.050000,100,0,3968.44,4,119.784,-0.400000
21.060000,100,0,3969.04,4,119.806,-0.400000
21.070000,100,0,3969.64,4,119.828,-0.400000
21.080000,100,0,3970.24,4,119.85,-0.400000
21.090000,100,0,3970.84,4,119.872,-0.400000
21.100000,100,0,3971.44,4,119.894,-0.400000
21.110000,100,0,3972.04,4,119.915,-0.400000
21.120000,100,0,3972.64,4,119.937,-0.400000
21.130000,100,0,3973.24,4,119.959,-0.400000
21.140000,100,0,3973.84,4,119.981,-0.400000
21.150000,100,0,3974.44,4,120.003,-0.400000
21.160000,100,0,3975.04,4,120.025,-0.400000
21.170000,100,0,3975.64,4,120.046,-0.400000
21.180000,100,0,3976.24,4,120.068,-0.400000
21.190000,100,0,3976.84,4,120.09,-0.400000
21.200000,100,0,3977.44,4,120.112,-0.400000
21.210000,100,0,3978.03,4,120.134,-0.400000
21.220000,100,0,3978.63,4,120.155,-0.400000
21.230000,100,0,3979.23,4,120.177,-0.400000
21.240000,100,0,3979.82,4,120.199,-0.400000
21.250000,100,0,3980.42,4,120.221,-0.400000
21.260000,100,0,3981.02,4,120.242,-0.400000
21.270000,100,0,3981.61,4,120.264,-0.400000
21.280000,100,0,3982.21,4,120.286,-0.400000
21.290000,100,0,3982.8,4,120.307,-0.400000
21.300000,100,0,3983.4,4,120.329,-0.400000
21.310000,100,0,3983.99,4,120.351,-0.400000
21.320000,100,0,3984.59,4,120.373,-0.400000
21.330000,100,0,3985.18,4,120.394,-0.400000
21.340000,100,0,3985.77,4,120.416,-0.400000
21.350000,100,0,3986.37,4,120.437,-0.400000
21.360000,100,0,3986.96,4,120.459,-0.400000
21.370000,100,0,3987.55,4,120.481,-0.400000
21.380000,100,0,3988.15,4,120.502,-0.400000
21.390000,100,0,3988.74,4,120.524,-0.400000
21.400000,100,0,3989.33,4,120.546,-0.400000
21.410000,100,0,3989.92,4,120.567,-0.400000
21.420000,100,0,3990.52,4,120.589,-0.400000
21.430000,100,0,3991.11,4,120.61,-0.400000
21.440000,100,0,3991.7,4,120.632,-0.400000
21.450000,100,0,3992.29,4,120.654,-0.400000
21.460000,100,0,3992.88,4,120.675,-0.400000
21.470000,100,0,3993.47,4,120.697,-0.400000
21.480000,100,0,3994.06,4,120.718,-0.400000
21.490000,100,0,3994.65,4,120.74,-0.400000
21.500000,100,0,3995.24,4,120.761,-0.400000
21.510000,100,0,3995.83,4,120.783,-0.400000
21.520000,100,0,3996.42,4,120.804,-0.400000
21.530000,100,0,3997.01,4,120.826,-0.400000
21.540000,100,0,3997.59,4,120.847,-0.400000
21.550000,100,0,3998.18,4,120.869,-0.400000
21.560000,100,0,3998.77,4,120.89,-0.400000
21.570000,100,0,3999.36,4,120.912,-0.400000
21.580000,100,0,3999.94,4,120.933,-0.400000
21.590000,100,0,4000.53,4,120.954,-0.400000
21.600000,100,0,4001.12,4,120.976,-0.400000
21.610000,100,0,4001.7,4,120.997,-0.400000
21.620000,100,0,4002.29,4,121.019,-0.400000
21.630000,100,0,4002.88,4,121.04,-0.400000
21.640000,100,0,4003.47,4,121.062,-0.400000
21.650000,100,0,4004.05,4,121.083,-0.400000
21.660000,100,0,4004.64,4,121.104,-0.400000
21.670000,100,0,4005.22,4,121.126,-0.400000
21.680000,100,0,4005.81,4,121.147,-0.400000
21.690000,100,0,4006.4,4,121.168,-0.400000
21.700000,100,0,4006.98,4,121.19,-0.400000
21.710000,100,0,4007.57,4,121.211,-0.400000
21.720000,100,0,4008.15,4,121.232,-0.400000
21.730000,100,0,4008.73,4,121.254,-0.400000
21.740000,100,0,4009.32,4,121.275,-0.400000
21.750000,100,0,4009.9,4,121.296,-0.400000
21.760000,100,0,4010.49,4,121.318,-0.400000
21.770000,100,0,4011.07,4,121.339,-0.400000
21.780000,100,0,4011.65,4,121.36,-0.400000
21.790000,100,0,4012.23,4,121.381,-0.400000
21.800000,100,0,4012.82,4,121.403,-0.400000
21.810000,100,0,4013.4,4,121.424,-0.400000
21.820000,100,0,4013.98,4,121.445,-0.400000
21.830000,100,0,4014.56,4,121.466,-0.400000
21.840000,100,0,4015.14,4,121.488,-0.400000
21.850000,100,0,4015.73,4,121.509,-0.400000
21.860000,100,0,4016.31,4,121.53,-0.400000
21.870000,100,0,4016.89,4,121.551,-0.400000
21.880000,100,0,4017.47,4,121.572,-0.400000
21.890000,100,0,4018.05,4,121.594,-0.400000
21.900000,100,0,4018.63,4,121.615,-0.400000
21.910000,100,0,4019.21,4,121.636,-0.400000
21.920000,100,0,4019.78,4,121.657,-0.400000
21.930000,100,0,4020.36,4,121.678,-0.400000
21.940000,100,0,4020.94,4,121.699,-0.400000
21.950000,100,0,4021.52,4,121.721,-0.400000
21.960000,100,0,4022.1,4,121.742,-0.400000
21.970000,100,0,4022.68,4,121.763,-0.400000
21.980000,100,0,4023.25,4,121.784,-0.400000
21.990000,100,0,4023.83,4,121.805,-0.400000
22.000000,100,0,4024.41,4,121.826,-0.400000
22.010000,100,0,4024.99,4,121.847,-0.400000
22.020000,100,0,4025.56,4,121.868,-0.400000
22.030000,100,0,4026.14,4,121.889,-0.400000
22.040000,100,0,4026.71,4,121.91,-0.400000
22.050000,100,0,4027.29,4,121.931,-0.400000
22.060000,100,0,4027.87,4,121.952,-0.400000
22.070000,100,0,4028.44,4,121.973,-0.400000
22.080000,100,0,4029.02,4,121.994,-0.400000
22.090000,100,0,4029.59,4,122.015,-0.400000
22.100000,100,0,4030.16,4,122.036,-0.400000
22.110000,100,0,4030.74,4,122.057,-0.400000
22.120000,100,0,4031.31,4,122.078,-0.400000
22.130000,100,0,4031.89,4,122.099,-0.400000
22.140000,100,0,4032.46,4,122.12,-0.400000
22.150000,100,0,4033.03,4,122.141,-0.400000
22.160000,100,0,4033.6,4,122.162,-0.400000
22.170000,100,0,4034.18,4,122.183,-0.400000
22.180000,100,0,4034.75,4,122.204,-0.400000
22.190000,100,0,4035.32,4,122.225,-0.400000
22.200000,100,0,4035.89,4,122.246,-0.400000
22.210000,100,0,4036.46,4,122.267,-0.400000
22.220000,100,0,4037.04,4,122.288,-0.400000
22.230000,100,0,4037.61,4,122.309,-0.400000
22.240000,100,0,4038.18,4,122.33,-0.400000
22.250000,100,0,4038.75,4,122.35,-0.400000
22.260000,100,0,4039.32,4,122.371,-0.400000
22.270000,100,0,4039.89,4,122.392,-0.400000
22.280000,100,0,4040.46,4,122.413,-0.400000
22.290000,100,0,4041.03,4,122.434,-0.400000
22.300000,100,0,4041.59,4,122.455,-0.400000
22.310000,100,0,4042.16,4,122.475,-0.400000
22.320000,100,0,4042.73,4,122.496,-0.400000
22.330000,100,0,4043.3,4,122.517,-0.400000
22.340000,100,0,4043.87,4,122.538,-0.400000
22.350000,100,0,4044.44,4,122.559,-0.400000
22.360000,100,0,4045,4,122.579,-0.400000
22.370000,100,0,4045.57,4,122.6,-0.400000
22.380000,100,0,4046.14,4,122.621,-0.400000
22.390000,100,0,4046.7,4,122.642,-0.400000
22.400000,100,0,4047.27,4,122.663,-0.400000
22.410000,100,0,4047.84,4,122.683,-0.400000
22.420000,100,0,4048.4,4,122.704,-0.400000
22.430000,100,0,4048.97,4,122.725,-0.400000
22.440000,100,0,4049.53,4,122.745,-0.400000
22.450000,100,0,4050.1,4,122.766,-0.400000
22.460000,100,0,4050.66,4,122.787,-0.400000
22.470000,100,0,4051.23,4,122.808,-0.400000
22.480000,100,0,4051.79,4,122.828,-0.400000
22.490000,100,0,4052.36,4,122.849,-0.400000
22.500000,100,0,4052.92,4,122.87,-0.400000
22.510000,100,0,4053.48,4,122.89,-0.400000
22.520000,100,0,4054.05,4,122.911,-0.400000
22.530000,100,0,4054.61,4,122.931,-0.400000
22.540000,100,0,4055.17,4,122.952,-0.400000
22.550000,100,0,4055.73,4,122.973,-0.400000
22.560000,100,0,4056.3,4,122.993,-0.400000
22.570000,100,0,4056.86,4,123.014,-0.400000
22.580000,100,0,4057.42,4,123.035,-0.400000
22.590000,100,0,4057.98,4,123.055,-0.400000
22.600000,100,0,4058.54,4,123.076,-0.400000
22.610000,100,0,4059.1,4,123.096,-0.400000
22.620000,100,0,4059.66,4,123.117,-0.400000
22.630000,100,0,4060.22,4,123.137,-0.400000
22.640000,100,0,4060.78,4,123.158,-0.400000
22.650000,100,0,4061.34,4,123.178,-0.400000
22.660000,100,0,4061.9,4,123.199,-0.400000
22.670000,100,0,4062.46,4,123.219,-0.400000
22.680000,100,0,4063.02,4,123.24,-0.400000
22.690000,100,0,4063.58,4,123.261,-0.400000
22.700000,100,0,4064.14,4,123.281,-0.400000
22.710000,100,0,4064.7,4,123.301,-0.400000
22.720000,100,0,4065.25,4,123.322,-0.400000
22.730000,100,0,4065.81,4,123.342,-0.400000
22.740000,100,0,4066.37,4,123.363,-0.400000
22.750000,100,0,4066.93,4,123.383,-0.400000
22.760000,100,0,4067.48,4,123.404,-0.400000
22.770000,100,0,4068.04,4,123.424,-0.400000
22.780000,100,0,4068.6,4,123.445,-0.400000
22.790000,100,0,4069.15,4,123.465,-0.400000
22.800000,100,0,4069.71,4,123.485,-0.400000
22.810000,100,0,4070.26,4,123.506,-0.400000
22.820000,100,0,4070.82,4,123.526,-0.400000
22.830000,100,0,4071.37,4,123.547,-0.400000
22.840000,100,0,4071.93,4,123.567,-0.400000
22.850000,100,0,4072.48,4,123.587,-0.400000
22.860000,100,0,4073.04,4,123.608,-0.400000
22.870000,100,0,4073.59,4,123.628,-0.400000
22.880000,100,0,4074.15,4,123.648,-0.400000
22.890000,100,0,4074.7,4,123.669,-0.400000
22.900000,100,0,4075.25,4,123.689,-0.400000
22.910000,100,0,4075.81,4,123.709,-0.400000
22.920000,100,0,4076.36,4,123.73,-0.400000
22.930000,100,0,4076.91,4,123.75,-0.400000
22.940000,100,0,4077.46,4,123.77,-0.400000
22.950000,100,0,4078.02,4,123.791,-0.400000
22.960000,100,0,4078.57,4,123.811,-0.400000
22.970000,100,0,4079.12,4,123.831,-0.400000
22.980000,100,0,4079.67,4,123.851,-0.400000
22.990000,100,0,4080.22,4,123.872,-0.400000
23.000000,100,0,4080.77,4,123.892,-0.400000
23.010000,100,0,4081.32,4,123.912,-0.400000
23.020000,100,0,4081.87,4,123.932,-0.400000
23.030000,100,0,4082.42,4,123.953,-0.400000
23.040000,100,0,4082.97,4,123.973,-0.400000
23.050000,100,0,4083.52,4,123.993,-0.400000
23.060000,100,0,4084.07,4,124.013,-0.400000
23.070000,100,0,4084.62,4,124.033,-0.400000
23.080000,100,0,4085.17,4,124.054,-0.400000
23.090000,100,0,4085.72,4,124.074,-0.400000
23.100000,100,0,4086.26,4,124.094,-0.400000
23.110000,100,0,4086.81,4,124.114,-0.400000
23.120000,100,0,4087.36,4,124.134,-0.400000
23.130000,100,0,4087.91,4,124.154,-0.400000
23.140000,100,0,4088.45,4,124.175,-0.400000
23.150000,100,0,4089,4,124.195,-0.400000
23.160000,100,0,4089.55,4,124.215,-0.400000
23.170000,100,0,4090.09,4,124.235,-0.400000
23.180000,100,0,4090.64,4,124.255,-0.400000
23.190000,100,0,4091.19,4,124.275,-0.400000
23.200000,100,0,4091.73,4,124.295,-0.400000
23.210000,100,0,4092.28,4,124.315,-0.400000
23.220000,100,0,4092.82,4,124.335,-0.400000
23.230000,100,0,4093.37,4,124.355,-0.400000
23.240000,100,0,4093.91,4,124.375,-0.400000
23.250000,100,0,4094.46,4,124.395,-0.400000
23.260000,100,0,4095,4,124.415,-0.400000
23.270000,100,0,4095.54,4,124.435,-0.400000
23.280000,100,0,4096.09,4,124.455,-0.400000
23.290000,100,0,4096.63,4,124.475,-0.400000
23.300000,100,0,4097.17,4,124.495,-0.400000
23.310000,100,0,4097.72,4,124.515,-0.400000
23.320000,100,0,4098.26,4,124.535,-0.400000
23.330000,100,0,4098.8,4,124.555,-0.400000
23.340000,100,0,4099.34,4,124.575,-0.400000
23.350000,100,0,4099.88,4,124.595,-0.400000
23.360000,100,0,4100.43,4,124.615,-0.400000
23.370000,100,0,4100.97,4,124.635,-0.400000
23.380000,100,0,4101.51,4,124.655,-0.400000
23.390000,100,0,4102.05,4,124.675,-0.400000
23.400000,100,0,4102.59,4,124.695,-0.400000
23.410000,100,0,4103.13,4,124.715,-0.400000
23.420000,100,0,4103.67,4,124.735,-0.400000
23.430000,100,0,4104.21,4,124.755,-0.400000
23.440000,100,0,4104.75,4,124.775,-0.400000
23.450000,100,0,4105.29,4,124.794,-0.400000
23.460000,100,0,4105.83,4,124.814,-0.400000
23.470000,100,0,4106.37,4,124.834,-0.400000
23.480000,100,0,4106.9,4,124.854,-0.400000
23.490000,100,0,4107.44,4,124.874,-0.400000
23.500000,100,0,4107.98,4,124.894,-0.400000
23.510000,100,0,4108.52,4,124.913,-0.400000
23.520000,100,0,4109.06,4,124.933,-0.400000
23.530000,100,0,4109.59,4,124.953,-0.400000
23.540000,100,0,4110.13,4,124.973,-0.400000
23.550000,100,0,4110.67,4,124.993,-0.400000
23.560000,100,0,4111.2,4,125.012,-0.400000
23.570000,100,0,4111.74,4,125.032,-0.400000
23.580000,100,0,4112.28,4,125.052,-0.400000
23.590000,100,0,4112.81,4,125.072,-0.400000
23.600000,100,0,4113.35,4,125.092,-0.400000
23.610000,100,0,4113.88,4,125.111,-0.400000
23.620000,100,0,4114.42,4,125.131,-0.400000
23.630000,100,0,4114.95,4,125.151,-0.400000
23.640000,100,0,4115.49,4,125.17,-0.400000
23.650000,100,0,4116.02,4,125.19,-0.400000
23.660000,100,0,4116.55,4,125.21,-0.400000
23.670000,100,0,4117.09,4,125.23,-0.400000
23.680000,100,0,4117.62,4,125.249,-0.400000
23.690000,100,0,4118.15,4,125.269,-0.400000
23.700000,100,0,4118.69,4,125.289,-0.400000
23.710000,100,0,4119.22,4,125.308,-0.400000
23.720000,100,0,4119.75,4,125.328,-0.400000
23.730000,100,0,4120.28,4,125.348,-0.400000
23.740000,100,0,4120.82,4,125.367,-0.400000
23.750000,100,0,4121.35,4,125.387,-0.400000
23.760000,100,0,4121.88,4,125.406,-0.400000
23.770000,100,0,4122.41,4,125.426,-0.400000
23.780000,100,0,4122.94,4,125.446,-0.400000
23.790000,100,0,4123.47,4,125.465,-0.400000
23.800000,100,0,4124,4,125.485,-0.400000
23.810000,100,0,4124.53,4,125.504,-0.400000
23.820000,100,0,4125.06,4,125.524,-0.400000
23.830000,100,0,4125.59,4,125.544,-0.400000
23.840000,100,0,4126.12,4,125.563,-0.400000
23.850000,100,0,4126.65,4,125.583,-0.400000
23.860000,100,0,4127.18,4,125.602,-0.400000
23.870000,100,0,4127.71,4,125.622,-0.400000
23.880000,100,0,4128.24,4,125.641,-0.400000
23.890000,100,0,4128.77,4,125.661,-0.400000
23.900000,100,0,4129.29,4,125.68,-0.400000
23.910000,100,0,4129.82,4,125.7,-0.400000
23.920000,100,0,4130.35,4,125.719,-0.400000
23.930000,100,0,4130.88,4,125.739,-0.400000
23.940000,100,0,4131.4,4,125.758,-0.400000
23.950000,100,0,4131.93,4,125.778,-0.400000
23.960000,100,0,4132.46,4,125.797,-0.400000
23.970000,100,0,4132.98,4,125.817,-0.400000
23.980000,100,0,4133.51,4,125.836,-0.400000
23.990000,100,0,4134.03,4,125.856,-0.400000
24.000000,100,0,4134.56,4,125.875,-0.400000
24.010000,100,0,4135.08,4,125.894,-0.400000
24.020000,100,0,4135.61,4,125.914,-0.400000
24.030000,100,0,4136.13,4,125.933,-0.400000
24.040000,100,0,4136.66,4,125.953,-0.400000
24.050000,100,0,4137.18,4,125.972,-0.400000
24.060000,100,0,4137.71,4,125.991,-0.400000
24.070000,100,0,4138.23,4,126.011,-0.400000
24.080000,100,0,4138.75,4,126.03,-0.400000
24.090000,100,0,4139.28,4,126.049,-0.400000
24.100000,100,0,4139.8,4,126.069,-0.400000
24.110000,100,0,4140.32,4,126.088,-0.400000
24.120000,100,0,4140.85,4,126.107,-0.400000
24.130000,100,0,4141.37,4,126.127,-0.400000
24.140000,100,0,4141.89,4,126.146,-0.400000
24.150000,100,0,4142.41,4,126.165,-0.400000
24.160000,100,0,4142.93,4,126.185,-0.400000
24.170000,100,0,4143.46,4,126.204,-0.400000
24.180000,100,0,4143.98,4,126.223,-0.400000
24.190000,100,0,4144.5,4,126.243,-0.400000
24.200000,100,0,4145.02,4,126.262,-0.400000
24.210000,100,0,4145.54,4,126.281,-0.400000
24.220000,100,0,4146.06,4,126.3,-0.400000
24.230000,100,0,4146.58,4,126.32,-0.400000
24.240000,100,0,4147.1,4,126.339,-0.400000
24.250000,100,0,4147.62,4,126.358,-0.400000
24.260000,100,0,4148.14,4,126.377,-0.400000
24.270000,100,0,4148.66,4,126.397,-0.400000
24.280000,100,0,4149.17,4,126.416,-0.400000
24.290000,100,0,4149.69,4,126.435,-0.400000
24.300000,100,0,4150.21,4,126.454,-0.400000
24.310000,100,0,4150.73,4,126.473,-0.400000
24.320000,100,0,4151.25,4,126.492,-0.400000
24.330000,100,0,4151.76,4,126.512,-0.400000
24.340000,100,0,4152.28,4,126.531,-0.400000
24.350000,100,0,4152.8,4,126.55,-0.400000
24.360000,100,0,4153.31,4,126.569,-0.400000
24.370000,100,0,4153.83,4,126.588,-0.400000
24.380000,100,0,4154.35,4,126.607,-0.400000
24.390000,100,0,4154.86,4,126.626,-0.400000
24.400000,100,0,4155.38,4,126.646,-0.400000
24.410000,100,0,4155.89,4,126.665,-0.400000
24.420000,100,0,4156.41,4,126.684,-0.400000
24.430000,100,0,4156.92,4,126.703,-0.400000
24.440000,100,0,4157.44,4,126.722,-0.400000
24.450000,100,0,4157.95,4,126.741,-0.400000
24.460000,100,0,4158.47,4,126.76,-0.400000
24.470000,100,0,4158.98,4,126.779,-0.400000
24.480000,100,0,4159.5,4,126.798,-0.400000
24.490000,100,0,4160.01,4,126.817,-0.400000
24.500000,100,0,4160.52,4,126.836,-0.400000
24.510000,100,0,4161.04,4,126.855,-0.400000
24.520000,100,0,4161.55,4,126.874,-0.400000
24.530000,100,0,4162.06,4,126.893,-0.400000
24.540000,100,0,4162.57,4,126.912,-0.400000
24.550000,100,0,4163.08,4,126.931,-0.400000
24.560000,100,0,4163.6,4,126.95,-0.400000
24.570000,100,0,4164.11,4,126.969,-0.400000
24.580000,100,0,4164.62,4,126.988,-0.400000
24.590000,100,0,4165.13,4,127.007,-0.400000
24.600000,100,0,4165.64,4,127.026,-0.400000
24.610000,100,0,4166.15,4,127.045,-0.400000
24.620000,100,0,4166.66,4,127.064,-0.400000
24.630000,100,0,4167.17,4,127.083,-0.400000
24.640000,100,0,4167.68,4,127.102,-0.400000
24.650000,100,0,4168.19,4,127.121,-0.400000
24.660000,100,0,4168.7,4,127.14,-0.400000
24.670000,100,0,4169.21,4,127.159,-0.400000
24.680000,100,0,4169.72,4,127.177,-0.400000
24.690000,100,0,4170.23,4,127.196,-0.400000
24.700000,100,0,4170.74,4,127.215,-0.400000
24.710000,100,0,4171.25,4,127.234,-0.400000
24.720000,100,0,4171.75,4,127.253,-0.400000
24.730000,100,0,4172.26,4,127.272,-0.400000
24.740000,100,0,4172.77,4,127.291,-0.400000
24.750000,100,0,4173.28,4,127.309,-0.400000
24.760000,100,0,4173.78,4,127.328,-0.400000
24.770000,100,0,4174.29,4,127.347,-0.400000
24.780000,100,0,4174.8,4,127.366,-0.400000
24.790000,100,0,4175.3,4,127.385,-0.400000
24.800000,100,0,4175.81,4,127.403,-0.400000
24.810000,100,0,4176.32,4,127.422,-0.400000
24.820000,100,0,4176.82,4,127.441,-0.400000
24.830000,100,0,4177.33,4,127.46,-0.400000
24.840000,100,0,4177.83,4,127.479,-0.400000
24.850000,100,0,4178.34,4,127.497,-0.400000
24.860000,100,0,4178.84,4,127.516,-0.400000
24.870000,100,0,4179.35,4,127.535,-0.400000
24.880000,100,0,4179.85,4,127.554,-0.400000
24.890000,100,0,4180.35,4,127.572,-0.400000
24.900000,100,0,4180.86,4,127.591,-0.400000
24.910000,100,0,4181.36,4,127.61,-0.400000
24.920000,100,0,4181.86,4,127.628,-0.400000
24.930000,100,0,4182.37,4,127.647,-0.400000
24.940000,100,0,4182.87,4,127.666,-0.400000
24.950000,100,0,4183.37,4,127.684,-0.400000
24.960000,100,0,4183.87,4,127.703,-0.400000
24.970000,100,0,4184.38,4,127.722,-0.400000
24.980000,100,0,4184.88,4,127.74,-0.400000
24.990000,100,0,4185.38,4,127.759,-0.400000
25.000000,100,0,4185.88,4,127.778,-0.400000
25.010000,100,0,4186.38,4,127.796,-0.400000
25.020000,100,0,4186.88,4,127.815,-0.400000
25.030000,100,0,4187.38,4,127.834,-0.400000
25.040000,100,0,4187.88,4,127.852,-0.400000
25.050000,100,0,4188.38,4,127.871,-0.400000
25.060000,100,0,4188.88,4,127.889,-0.400000
25.070000,100,0,4189.38,4,127.908,-0.400000
25.080000,100,0,4189.88,4,127.927,-0.400000
25.090000,100,0,4190.38,4,127.945,-0.400000
25.100000,100,0,4190.88,4,127.964,-0.400000
25.110000,100,0,4191.38,4,127.982,-0.400000
25.120000,100,0,4191.88,4,128.001,-0.400000
25.130000,100,0,4192.38,4,128.019,-0.400000
25.140000,100,0,4192.88,4,128.038,-0.400000
25.150000,100,0,4193.37,4,128.056,-0.400000
25.160000,100,0,4193.87,4,128.075,-0.400000
25.170000,100,0,4194.37,4,128.093,-0.400000
25.180000,100,0,4194.87,4,128.112,-0.400000
25.190000,100,0,4195.36,4,128.13,-0.400000
25.200000,100,0,4195.86,4,128.149,-0.400000
25.210000,100,0,4196.36,4,128.167,-0.400000
25.220000,100,0,4196.85,4,128.186,-0.400000
25.230000,100,0,4197.35,4,128.204,-0.400000
25.240000,100,0,4197.84,4,128.223,-0.400000
25.250000,100,0,4198.34,4,128.241,-0.400000
25.260000,100,0,4198.83,4,128.26,-0.400000
25.270000,100,0,4199.33,4,128.278,-0.400000
25.280000,100,0,4199.82,4,128.296,-0.400000
25.290000,100,0,4200.32,4,128.315,-0.400000
25.300000,100,0,4200.81,4,128.333,-0.400000
25.310000,100,0,4201.31,4,128.352,-0.400000
25.320000,100,0,4201.8,4,128.37,-0.400000
25.330000,100,0,4202.29,4,128.388,-0.400000
25.340000,100,0,4202.79,4,128.407,-0.400000
25.350000,100,0,4203.28,4,128.425,-0.400000
25.360000,100,0,4203.77,4,128.443,-0.400000
25.370000,100,0,4204.27,4,128.462,-0.400000
25.380000,100,0,4204.76,4,128.48,-0.400000
25.390000,100,0,4205.25,4,128.499,-0.400000
25.400000,100,0,4205.74,4,128.517,-0.400000
25.410000,100,0,4206.24,4,128.535,-0.400000
25.420000,100,0,4206.73,4,128.553,-0.400000
25.430000,100,0,4207.22,4,128.572,-0.400000
25.440000,100,0,4207.71,4,128.59,-0.400000
25.450000,100,0,4208.2,4,128.608,-0.400000
25.460000,100,0,4208.69,4,128.627,-0.400000
25.470000,100,0,4209.18,4,128.645,-0.400000
25.480000,100,0,4209.67,4,128.663,-0.400000
25.490000,100,0,4210.16,4,128.681,-0.400000
25.500000,100,0,4210.65,4,128.7,-0.400000
25.510000,100,0,4211.14,4,128.718,-0.400000
25.520000,100,0,4211.63,4,128.736,-0.400000
25.530000,100,0,4212.12,4,128.754,-0.400000
25.540000,100,0,4212.61,4,128.773,-0.400000
25.550000,100,0,4213.1,4,128.791,-0.400000
25.560000,100,0,4213.58,4,128.809,-0.400000
25.570000,100,0,4214.07,4,128.827,-0.400000
25.580000,100,0,4214.56,4,128.845,-0.400000
25.590000,100,0,4215.05,4,128.864,-0.400000
25.600000,100,0,4215.54,4,128.882,-0.400000
25.610000,100,0,4216.02,4,128.9,-0.400000
25.620000,100,0,4216.51,4,128.918,-0.400000
25.630000,100,0,4217,4,128.936,-0.400000
25.640000,100,0,4217.48,4,128.954,-0.400000
25.650000,100,0,4217.97,4,128.973,-0.400000
25.660000,100,0,4218.45,4,128.991,-0.400000
25.670000,100,0,4218.94,4,129.009,-0.400000
25.680000,100,0,4219.43,4,129.027,-0.400000
25.690000,100,0,4219.91,4,129.045,-0.400000
25.700000,100,0,4220.4,4,129.063,-0.400000
25.710000,100,0,4220.88,4,129.081,-0.400000
25.720000,100,0,4221.37,4,129.099,-0.400000
25.730000,100,0,4221.85,4,129.117,-0.400000
25.740000,100,0,4222.33,4,129.135,-0.400000
25.750000,100,0,4222.82,4,129.154,-0.400000
25.760000,100,0,4223.3,4,129.172,-0.400000
25.770000,100,0,4223.79,4,129.19,-0.400000
25.780000,100,0,4224.27,4,129.208,-0.400000
25.790000,100,0,4224.75,4,129.226,-0.400000
25.800000,100,0,4225.23,4,129.244,-0.400000
25.810000,100,0,4225.72,4,129.262,-0.400000
25.820000,100,0,4226.2,4,129.28,-0.400000
25.830000,100,0,4226.68,4,129.298,-0.400000
25.840000,100,0,4227.16,4,129.316,-0.400000
25.850000,100,0,4227.65,4,129.334,-0.400000
25.860000,100,0,4228.13,4,129.352,-0.400000
25.870000,100,0,4228.61,4,129.37,-0.400000
25.880000,100,0,4229.09,4,129.388,-0.400000
25.890000,100,0,4229.57,4,129.406,-0.400000
25.900000,100,0,4230.05,4,129.424,-0.400000
25.910000,100,0,4230.53,4,129.442,-0.400000
25.920000,100,0,4231.01,4,129.459,-0.400000
25.930000,100,0,4231.49,4,129.477,-0.400000
25.940000,100,0,4231.97,4,129.495,-0.400000
25.950000,100,0,4232.45,4,129.513,-0.400000
25.960000,100,0,4232.93,4,129.531,-0.400000
25.970000,100,0,4233.41,4,129.549,-0.400000
25.980000,100,0,4233.89,4,129.567,-0.400000
25.990000,100,0,4234.36,4,129.585,-0.400000
26.000000,100,0,4234.84,4,129.603,-0.400000
26.010000,100,0,4235.32,4,129.621,-0.400000
26.020000,100,0,4235.8,4,129.638,-0.400000
26.030000,100,0,4236.28,4,129.656,-0.400000
26.040000,100,0,4236.75,4,129.674,-0.400000
26.050000,100,0,4237.23,4,129.692,-0.400000
26.060000,100,0,4237.71,4,129.71,-0.400000
26.070000,100,0,4238.18,4,129.728,-0.400000
26.080000,100,0,4238.66,4,129.745,-0.400000
26.090000,100,0,4239.14,4,129.763,-0.400000
26.100000,100,0,4239.61,4,129.781,-0.400000
26.110000,100,0,4240.09,4,129.799,-0.400000
26.120000,100,0,4240.56,4,129.817,-0.400000
26.130000,100,0,4241.04,4,129.834,-0.400000
26.140000,100,0,4241.52,4,129.852,-0.400000
26.150000,100,0,4241.99,4,129.87,-0.400000
26.160000,100,0,4242.46,4,129.888,-0.400000
26.170000,100,0,4242.94,4,129.905,-0.400000
26.180000,100,0,4243.41,4,129.923,-0.400000
26.190000,100,0,4243.89,4,129.941,-0.400000
26.200000,100,0,4244.36,4,129.959,-0.400000
26.210000,100,0,4244.83,4,129.976,-0.400000
26.220000,100,0,4245.31,4,129.994,-0.400000
26.230000,100,0,4245.78,4,130.012,-0.400000
26.240000,100,0,4246.25,4,130.029,-0.400000
26.250000,100,0,4246.73,4,130.047,-0.400000
26.260000,100,0,4247.2,4,130.065,-0.400000
26.270000,100,0,4247.67,4,130.082,-0.400000
26.280000,100,0,4248.14,4,130.1,-0.400000
26.290000,100,0,4248.62,4,130.118,-0.400000
26.300000,100,0,4249.09,4,130.135,-0.400000
26.310000,100,0,4249.56,4,130.153,-0.400000
26.320000,100,0,4250.03,4,130.171,-0.400000
26.330000,100,0,4250.5,4,130.188,-0.400000
26.340000,100,0,4250.97,4,130.206,-0.400000
26.350000,100,0,4251.44,4,130.223,-0.400000
26.360000,100,0,4251.91,4,130.241,-0.400000
26.370000,100,0,4252.38,4,130.259,-0.400000
26.380000,100,0,4252.85,4,130.276,-0.400000
26.390000,100,0,4253.32,4,130.294,-0.400000
26.400000,100,0,4253.79,4,130.311,-0.400000
26.410000,100,0,4254.26,4,130.329,-0.400000
26.420000,100,0,4254.73,4,130.347,-0.400000
26.430000,100,0,4255.2,4,130.364,-0.400000
26.440000,100,0,4255.66,4,130.382,-0.400000
26.450000,100,0,4256.13,4,130.399,-0.400000
26.460000,100,0,4256.6,4,130.417,-0.400000
26.470000,100,0,4257.07,4,130.434,-0.400000
26.480000,100,0,4257.54,4,130.452,-0.400000
26.490000,100,0,4258,4,130.469,-0.400000
26.500000,100,0,4258.47,4,130.487,-0.400000
26.510000,100,0,4258.94,4,130.504,-0.400000
26.520000,100,0,4259.4,4,130.522,-0.400000
26.530000,100,0,4259.87,4,130.539,-0.400000
26.540000,100,0,4260.34,4,130.557,-0.400000
26.550000,100,0,4260.8,4,130.574,-0.400000
26.560000,100,0,4261.27,4,130.592,-0.400000
26.570000,100,0,4261.73,4,130.609,-0.400000
26.580000,100,0,4262.2,4,130.626,-0.400000
26.590000,100,0,4262.66,4,130.644,-0.400000
26.600000,100,0,4263.13,4,130.661,-0.400000
26.610000,100,0,4263.59,4,130.679,-0.400000
26.620000,100,0,4264.06,4,130.696,-0.400000
26.630000,100,0,4264.52,4,130.714,-0.400000
26.640000,100,0,4264.99,4,130.731,-0.400000
26.650000,100,0,4265.45,4,130.748,-0.400000
26.660000,100,0,4265.91,4,130.766,-0.400000
26.670000,100,0,4266.38,4,130.783,-0.400000
26.680000,100,0,4266.84,4,130.8,-0.400000
26.690000,100,0,4267.3,4,130.818,-0.400000
26.700000,100,0,4267.77,4,130.835,-0.400000
26.710000,100,0,4268.23,4,130.853,-0.400000
26.720000,100,0,4268.69,4,130.87,-0.400000
26.730000,100,0,4269.15,4,130.887,-0.400000
26.740000,100,0,4269.62,4,130.905,-0.400000
26.750000,100,0,4270.08,4,130.922,-0.400000
26.760000,100,0,4270.54,4,130.939,-0.400000
26.770000,100,0,4271,4,130.956,-0.400000
26.780000,100,0,4271.46,4,130.974,-0.400000
26.790000,100,0,4271.92,4,130.991,-0.400000
26.800000,100,0,4272.38,4,131.008,-0.400000
26.810000,100,0,4272.84,4,131.026,-0.400000
26.820000,100,0,4273.3,4,131.043,-0.400000
26.830000,100,0,4273.76,4,131.06,-0.400000
26.840000,100,0,4274.22,4,131.077,-0.400000
26.850000,100,0,4274.68,4,131.095,-0.400000
26.860000,100,0,4275.14,4,131.112,-0.400000
26.870000,100,0,4275.6,4,131.129,-0.400000
26.880000,100,0,4276.06,4,131.146,-0.400000
26.890000,100,0,4276.52,4,131.163,-0.400000
26.900000,100,0,4276.97,4,131.181,-0.400000
26.910000,100,0,4277.43,4,131.198,-0.400000
26.920000,100,0,4277.89,4,131.215,-0.400000
26.930000,100,0,4278.35,4,131.232,-0.400000
26.940000,100,0,4278.81,4,131.249,-0.400000
26.950000,100,0,4279.26,4,131.267,-0.400000
26.960000,100,0,4279.72,4,131.284,-0.400000
26.970000,100,0,4280.18,4,131.301,-0.400000
26.980000,100,0,4280.63,4,131.318,-0.400000
26.990000,100,0,4281.09,4,131.335,-0.400000
27.000000,100,0,4281.55,4,131.352,-0.400000
27.010000,100,0,4282,4,131.369,-0.400000
27.020000,100,0,4282.46,4,131.387,-0.400000
27.030000,100,0,4282.91,4,131.404,-0.400000
27.040000,100,0,4283.37,4,131.421,-0.400000
27.050000,100,0,4283.82,4,131.438,-0.400000
27.060000,100,0,4284.28,4,131.455,-0.400000
27.070000,100,0,4284.73,4,131.472,-0.400000
27.080000,100,0,4285.19,4,131.489,-0.400000
27.090000,100,0,4285.64,4,131.506,-0.400000
27.100000,100,0,4286.1,4,131.523,-0.400000
27.110000,100,0,4286.55,4,131.54,-0.400000
27.120000,100,0,4287,4,131.557,-0.400000
27.130000,100,0,4287.46,4,131.574,-0.400000
27.140000,100,0,4287.91,4,131.591,-0.400000
27.150000,100,0,4288.36,4,131.608,-0.400000
27.160000,100,0,4288.82,4,131.625,-0.400000
27.170000,100,0,4289.27,4,131.642,-0.400000
27.180000,100,0,4289.72,4,131.659,-0.400000
27.190000,100,0,4290.17,4,131.676,-0.400000
27.200000,100,0,4290.62,4,131.693,-0.400000
27.210000,100,0,4291.08,4,131.71,-0.400000
27.220000,100,0,4291.53,4,131.727,-0.400000
27.230000,100,0,4291.98,4,131.744,-0.400000
27.240000,100,0,4292.43,4,131.761,-0.400000
27.250000,100,0,4292.88,4,131.778,-0.400000
27.260000,100,0,4293.33,4,131.795,-0.400000
27.270000,100,0,4293.78,4,131.812,-0.400000
27.280000,100,0,4294.23,4,131.829,-0.400000
27.290000,100,0,4294.68,4,131.846,-0.400000
27.300000,100,0,4295.13,4,131.863,-0.400000
27.310000,100,0,4295.58,4,131.88,-0.400000
27.320000,100,0,4296.03,4,131.897,-0.400000
27.330000,100,0,4296.48,4,131.914,-0.400000
27.340000,100,0,4296.93,4,131.931,-0.400000
27.350000,100,0,4297.38,4,131.947,-0.400000
27.360000,100,0,4297.83,4,131.964,-0.400000
27.370000,100,0,4298.27,4,131.981,-0.400000
27.380000,100,0,4298.72,4,131.998,-0.400000
27.390000,100,0,4299.17,4,132.015,-0.400000
27.400000,100,0,4299.62,4,132.032,-0.400000
27.410000,100,0,4300.06,4,132.049,-0.400000
27.420000,100,0,4300.51,4,132.065,-0.400000
27.430000,100,0,4300.96,4,132.082,-0.400000
27.440000,100,0,4301.41,4,132.099,-0.400000
27.450000,100,0,4301.85,4,132.116,-0.400000
27.460000,100,0,4302.3,4,132.133,-0.400000
27.470000,100,0,4302.74,4,132.149,-0.400000
27.480000,100,0,4303.19,4,132.166,-0.400000
27.490000,100,0,4303.64,4,132.183,-0.400000
27.500000,100,0,4304.08,4,132.2,-0.400000
27.510000,100,0,4304.53,4,132.217,-0.400000
27.520000,100,0,4304.97,4,132.233,-0.400000
27.530000,100,0,4305.42,4,132.25,-0.400000
27.540000,100,0,4305.86,4,132.267,-0.400000
27.550000,100,0,4306.31,4,132.284,-0.400000
27.560000,100,0,4306.75,4,132.3,-0.400000
27.570000,100,0,4307.19,4,132.317,-0.400000
27.580000,100,0,4307.64,4,132.334,-0.400000
27.590000,100,0,4308.08,4,132.35,-0.400000
27.600000,100,0,4308.52,4,132.367,-0.400000
27.610000,100,0,4308.97,4,132.384,-0.400000
27.620000,100,0,4309.41,4,132.4,-0.400000
27.630000,100,0,4309.85,4,132.417,-0.400000
27.640000,100,0,4310.3,4,132.434,-0.400000
27.650000,100,0,4310.74,4,132.45,-0.400000
27.660000,100,0,4311.18,4,132.467,-0.400000
27.670000,100,0,4311.62,4,132.484,-0.400000
27.680000,100,0,4312.06,4,132.5,-0.400000
27.690000,100,0,4312.51,4,132.517,-0.400000
27.700000,100,0,4312.95,4,132.534,-0.400000
27.710000,100,0,4313.39,4,132.55,-0.400000
27.720000,100,0,4313.83,4,132.567,-0.400000
27.730000,100,0,4314.27,4,132.584,-0.400000
27.740000,100,0,4314.71,4,132.6,-0.400000
27.750000,100,0,4315.15,4,132.617,-0.400000
27.760000,100,0,4315.59,4,132.633,-0.400000
27.770000,100,0,4316.03,4,132.65,-0.400000
27.780000,100,0,4316.47,4,132.666,-0.400000
27.790000,100,0,4316.91,4,132.683,-0.400000
27.800000,100,0,4317.35,4,132.7,-0.400000
27.810000,100,0,4317.79,4,132.716,-0.400000
27.820000,100,0,4318.23,4,132.733,-0.400000
27.830000,100,0,4318.66,4,132.749,-0.400000
27.840000,100,0,4319.1,4,132.766,-0.400000
27.850000,100,0,4319.54,4,132.782,-0.400000
27.860000,100,0,4319.98,4,132.799,-0.400000
27.870000,100,0,4320.42,4,132.815,-0.400000
27.880000,100,0,4320.85,4,132.832,-0.400000
27.890000,100,0,4321.29,4,132.848,-0.400000
27.900000,100,0,4321.73,4,132.865,-0.400000
27.910000,100,0,4322.17,4,132.881,-0.400000
27.920000,100,0,4322.6,4,132.898,-0.400000
27.930000,100,0,4323.04,4,132.914,-0.400000
27.940000,100,0,4323.48,4,132.931,-0.400000
27.950000,100,0,4323.91,4,132.947,-0.400000
27.960000,100,0,4324.35,4,132.964,-0.400000
27.970000,100,0,4324.78,4,132.98,-0.400000
27.980000,100,0,4325.22,4,132.996,-0.400000
27.990000,100,0,4325.65,4,133.013,-0.400000
28.000000,100,0,4326.09,4,133.029,-0.400000
28.010000,100,0,4326.52,4,133.046,-0.400000
28.020000,100,0,4326.96,4,133.062,-0.400000
28.030000,100,0,4327.39,4,133.079,-0.400000
28.040000,100,0,4327.83,4,133.095,-0.400000
28.050000,100,0,4328.26,4,133.111,-0.400000
28.060000,100,0,4328.69,4,133.128,-0.400000
28.070000,100,0,4329.13,4,133.144,-0.400000
28.080000,100,0,4329.56,4,133.16,-0.400000
28.090000,100,0,4329.99,4,133.177,-0.400000
28.100000,100,0,4330.43,4,133.193,-0.400000
28.110000,100,0,4330.86,4,133.209,-0.400000
28.120000,100,0,4331.29,4,133.226,-0.400000
28.130000,100,0,4331.73,4,133.242,-0.400000
28.140000,100,0,4332.16,4,133.258,-0.400000
28.150000,100,0,4332.59,4,133.275,-0.400000
28.160000,100,0,4333.02,4,133.291,-0.400000
28.170000,100,0,4333.45,4,133.307,-0.400000
28.180000,100,0,4333.88,4,133.324,-0.400000
28.190000,100,0,4334.32,4,133.34,-0.400000
28.200000,100,0,4334.75,4,133.356,-0.400000
28.210000,100,0,4335.18,4,133.372,-0.400000
28.220000,100,0,4335.61,4,133.389,-0.400000
28.230000,100,0,4336.04,4,133.405,-0.400000
28.240000,100,0,4336.47,4,133.421,-0.400000
28.250000,100,0,4336.9,4,133.437,-0.400000
28.260000,100,0,4337.33,4,133.454,-0.400000
28.270000,100,0,4337.76,4,133.47,-0.400000
28.280000,100,0,4338.19,4,133.486,-0.400000
28.290000,100,0,4338.62,4,133.502,-0.400000
28.300000,100,0,4339.04,4,133.519,-0.400000
28.310000,100,0,4339.47,4,133.535,-0.400000
28.320000,100,0,4339.9,4,133.551,-0.400000
28.330000,100,0,4340.33,4,133.567,-0.400000
28.340000,100,0,4340.76,4,133.583,-0.400000
28.350000,100,0,4341.19,4,133.6,-0.400000
28.360000,100,0,4341.61,4,133.616,-0.400000
28.370000,100,0,4342.04,4,133.632,-0.400000
28.380000,100,0,4342.47,4,133.648,-0.400000
28.390000,100,0,4342.9,4,133.664,-0.400000
28.400000,100,0,4343.32,4,133.68,-0.400000
28.410000,100,0,4343.75,4,133.696,-0.400000
28.420000,100,0,4344.18,4,133.713,-0.400000
28.430000,100,0,4344.6,4,133.729,-0.400000
28.440000,100,0,4345.03,4,133.745,-0.400000
28.450000,100,0,4345.45,4,133.761,-0.400000
28.460000,100,0,4345.88,4,133.777,-0.400000
28.470000,100,0,4346.3,4,133.793,-0.400000
28.480000,100,0,4346.73,4,133.809,-0.400000
28.490000,100,0,4347.15,4,133.825,-0.400000
28.500000,100,0,4347.58,4,133.841,-0.400000
28.510000,100,0,4348,4,133.857,-0.400000
28.520000,100,0,4348.43,4,133.873,-0.400000
28.530000,100,0,4348.85,4,133.889,-0.400000
28.540000,100,0,4349.28,4,133.906,-0.400000
28.550000,100,0,4349.7,4,133.922,-0.400000
28.560000,100,0,4350.12,4,133.938,-0.400000
28.570000,100,0,4350.55,4,133.954,-0.400000
28.580000,100,0,4350.97,4,133.97,-0.400000
28.590000,100,0,4351.39,4,133.986,-0.400000
28.600000,100,0,4351.82,4,134.002,-0.400000
28.610000,100,0,4352.24,4,134.018,-0.400000
28.620000,100,0,4352.66,4,134.034,-0.400000
28.630000,100,0,4353.08,4,134.05,-0.400000
28.640000,100,0,4353.51,4,134.066,-0.400000
28.650000,100,0,4353.93,4,134.082,-0.400000
28.660000,100,0,4354.35,4,134.097,-0.400000
28.670000,100,0,4354.77,4,134.113,-0.400000
28.680000,100,0,4355.19,4,134.129,-0.400000
28.690000,100,0,4355.61,4,134.145,-0.400000
28.700000,100,0,4356.03,4,134.161,-0.400000
28.710000,100,0,4356.45,4,134.177,-0.400000
28.720000,100,0,4356.87,4,134.193,-0.400000
28.730000,100,0,4357.29,4,134.209,-0.400000
28.740000,100,0,4357.71,4,134.225,-0.400000
28.750000,100,0,4358.13,4,134.241,-0.400000
28.760000,100,0,4358.55,4,134.257,-0.400000
28.770000,100,0,4358.97,4,134.273,-0.400000
28.780000,100,0,4359.39,4,134.288,-0.400000
28.790000,100,0,4359.81,4,134.304,-0.400000
28.800000,100,0,4360.23,4,134.32,-0.400000
28.810000,100,0,4360.65,4,134.336,-0.400000
28.820000,100,0,4361.07,4,134.352,-0.400000
28.830000,100,0,4361.49,4,134.368,-0.400000
28.840000,100,0,4361.9,4,134.384,-0.400000
28.850000,100,0,4362.32,4,134.399,-0.400000
28.860000,100,0,4362.74,4,134.415,-0.400000
28.870000,100,0,4363.16,4,134.431,-0.400000
28.880000,100,0,4363.57,4,134.447,-0.400000
28.890000,100,0,4363.99,4,134.463,-0.400000
28.900000,100,0,4364.41,4,134.478,-0.400000
28.910000,100,0,4364.82,4,134.494,-0.400000
28.920000,100,0,4365.24,4,134.51,-0.400000
28.930000,100,0,4365.66,4,134.526,-0.400000
28.940000,100,0,4366.07,4,134.542,-0.400000
28.950000,100,0,4366.49,4,134.557,-0.400000
28.960000,100,0,4366.9,4,134.573,-0.400000
28.970000,100,0,4367.32,4,134.589,-0.400000
28.980000,100,0,4367.74,4,134.605,-0.400000
28.990000,100,0,4368.15,4,134.62,-0.400000
29.000000,100,0,4368.57,4,134.636,-0.400000
29.010000,100,0,4368.98,4,134.652,-0.400000
29.020000,100,0,4369.39,4,134.667,-0.400000
29.030000,100,0,4369.81,4,134.683,-0.400000
29.040000,100,0,4370.22,4,134.699,-0.400000
29.050000,100,0,4370.64,4,134.715,-0.400000
29.060000,100,0,4371.05,4,134.73,-0.400000
29.070000,100,0,4371.46,4,134.746,-0.400000
29.080000,100,0,4371.88,4,134.762,-0.400000
29.090000,100,0,4372.29,4,134.777,-0.400000
29.100000,100,0,4372.7,4,134.793,-0.400000
29.110000,100,0,4373.12,4,134.809,-0.400000
29.120000,100,0,4373.53,4,134.824,-0.400000
29.130000,100,0,4373.94,4,134.84,-0.400000
29.140000,100,0,4374.35,4,134.856,-0.400000
29.150000,100,0,4374.76,4,134.871,-0.400000
29.160000,100,0,4375.18,4,134.887,-0.400000
29.170000,100,0,4375.59,4,134.902,-0.400000
29.180000,100,0,4376,4,134.918,-0.400000
29.190000,100,0,4376.41,4,134.934,-0.400000
29.200000,100,0,4376.82,4,134.949,-0.400000
29.210000,100,0,4377.23,4,134.965,-0.400000
29.220000,100,0,4377.64,4,134.98,-0.400000
29.230000,100,0,4378.05,4,134.996,-0.400000
29.240000,100,0,4378.46,4,135.011,-0.400000
29.250000,100,0,4378.87,4,135.027,-0.400000
29.260000,100,0,4379.28,4,135.043,-0.400000
29.270000,100,0,4379.69,4,135.058,-0.400000
29.280000,100,0,4380.1,4,135.074,-0.400000
29.290000,100,0,4380.51,4,135.089,-0.400000
29.300000,100,0,4380.92,4,135.105,-0.400000
29.310000,100,0,4381.33,4,135.12,-0.400000
29.320000,100,0,4381.74,4,135.136,-0.400000
29.330000,100,0,4382.14,4,135.151,-0.400000
29.340000,100,0,4382.55,4,135.167,-0.400000
29.350000,100,0,4382.96,4,135.182,-0.400000
29.360000,100,0,4383.37,4,135.198,-0.400000
29.370000,100,0,4383.78,4,135.213,-0.400000
29.380000,100,0,4384.18,4,135.229,-0.400000
29.390000,100,0,4384.59,4,135.244,-0.400000
29.400000,100,0,4385,4,135.26,-0.400000
29.410000,100,0,4385.4,4,135.275,-0.400000
29.420000,100,0,4385.81,4,135.29,-0.400000
29.430000,100,0,4386.22,4,135.306,-0.400000
29.440000,100,0,4386.62,4,135.321,-0.400000
29.450000,100,0,4387.03,4,135.337,-0.400000
29.460000,100,0,4387.44,4,135.352,-0.400000
29.470000,100,0,4387.84,4,135.368,-0.400000
29.480000,100,0,4388.25,4,135.383,-0.400000
29.490000,100,0,4388.65,4,135.398,-0.400000
29.500000,100,0,4389.06,4,135.414,-0.400000
29.510000,100,0,4389.46,4,135.429,-0.400000
29.520000,100,0,4389.87,4,135.445,-0.400000
29.530000,100,0,4390.27,4,135.46,-0.400000
29.540000,100,0,4390.68,4,135.475,-0.400000
29.550000,100,0,4391.08,4,135.491,-0.400000
29.560000,100,0,4391.48,4,135.506,-0.400000
29.570000,100,0,4391.89,4,135.521,-0.400000
29.580000,100,0,4392.29,4,135.537,-0.400000
29.590000,100,0,4392.69,4,135.552,-0.400000
29.600000,100,0,4393.1,4,135.567,-0.400000
29.610000,100,0,4393.5,4,135.583,-0.400000
29.620000,100,0,4393.9,4,135.598,-0.400000
29.630000,100,0,4394.31,4,135.613,-0.400000
29.640000,100,0,4394.71,4,135.629,-0.400000
29.650000,100,0,4395.11,4,135.644,-0.400000
29.660000,100,0,4395.51,4,135.659,-0.400000
29.670000,100,0,4395.91,4,135.674,-0.400000
29.680000,100,0,4396.31,4,135.69,-0.400000
29.690000,100,0,4396.72,4,135.705,-0.400000
29.700000,100,0,4397.12,4,135.72,-0.400000
29.710000,100,0,4397.52,4,135.735,-0.400000
29.720000,100,0,4397.92,4,135.751,-0.400000
29.730000,100,0,4398.32,4,135.766,-0.400000
29.740000,100,0,4398.72,4,135.781,-0.400000
29.750000,100,0,4399.12,4,135.796,-0.400000
29.760000,100,0,4399.52,4,135.812,-0.400000
29.770000,100,0,4399.92,4,135.827,-0.400000
29.780000,100,0,4400.32,4,135.842,-0.400000
29.790000,100,0,4400.71,4,135.857,-0.400000
29.800000,100,0,4401.1,4,135.872,-0.400000
29.810000,100,0,4401.49,4,135.888,-0.400000
29.820000,100,0,4401.87,4,135.903,-0.400000
29.830000,100,0,4402.26,4,135.918,-0.400000
29.840000,100,0,4402.64,4,135.933,-0.400000
29.850000,100,0,4403.02,4,135.948,-0.400000
29.860000,100,0,4403.4,4,135.963,-0.400000
29.870000,100,0,4403.78,4,135.979,-0.400000
29.880000,100,0,4404.16,4,135.994,-0.400000
29.890000,100,0,4404.54,4,136.009,-0.400000
29.900000,100,0,4404.92,4,136.024,-0.400000
29.910000,100,0,4405.3,4,136.039,-0.400000
29.920000,100,0,4405.68,4,136.054,-0.400000
29.930000,100,0,4406.06,4,136.069,-0.400000
29.940000,100,0,4406.44,4,136.084,-0.400000
29.950000,100,0,4406.82,4,136.099,-0.400000
29.960000,100,0,4407.2,4,136.114,-0.400000
29.970000,100,0,4407.58,4,136.129,-0.400000
29.980000,100,0,4407.96,4,136.144,-0.400000
29.990000,100,0,4408.34,4,136.16,-0.400000
30.000000,100,0,4408.71,4,136.175,-0.400000
30.010000,100,0,4409.09,4,136.19,-0.400000
30.020000,100,0,4409.47,4,136.205,-0.400000
30.030000,100,0,4409.85,4,136.22,-0.400000
30.040000,100,0,4410.22,4,136.235,-0.400000
30.050000,100,0,4410.6,4,136.25,-0.400000
30.060000,100,0,4410.98,4,136.265,-0.400000
30.070000,100,0,4411.35,4,136.279,-0.400000
30.080000,100,0,4411.73,4,136.294,-0.400000
30.090000,100,0,4412.11,4,136.309,-0.400000
30.100000,100,0,4412.48,4,136.324,-0.400000
30.110000,100,0,4412.86,4,136.339,-0.400000
30.120000,100,0,4413.23,4,136.354,-0.400000
30.130000,100,0,4413.61,4,136.369,-0.400000
30.140000,100,0,4413.98,4,136.384,-0.400000
30.150000,100,0,4414.36,4,136.399,-0.400000
30.160000,100,0,4414.73,4,136.414,-0.400000
30.170000,100,0,4415.1,4,136.429,-0.400000
30.180000,100,0,4415.48,4,136.444,-0.400000
30.190000,100,0,4415.85,4,136.458,-0.400000
30.200000,100,0,4416.23,4,136.473,-0.400000
30.210000,100,0,4416.6,4,136.488,-0.400000
30.220000,100,0,4416.97,4,136.503,-0.400000
30.230000,100,0,4417.34,4,136.518,-0.400000
30.240000,100,0,4417.72,4,136.533,-0.400000
30.250000,100,0,4418.09,4,136.547,-0.400000
30.260000,100,0,4418.46,4,136.562,-0.400000
30.270000,100,0,4418.83,4,136.577,-0.400000
30.280000,100,0,4419.2,4,136.592,-0.400000
30.290000,100,0,4419.57,4,136.607,-0.400000
30.300000,100,0,4419.95,4,136.621,-0.400000
30.310000,100,0,4420.32,4,136.636,-0.400000
30.320000,100,0,4420.69,4,136.651,-0.400000
30.330000,100,0,4421.06,4,136.666,-0.400000
30.340000,100,0,4421.43,4,136.68,-0.400000
30.350000,100,0,4421.8,4,136.695,-0.400000
30.360000,100,0,4422.17,4,136.71,-0.400000
30.370000,100,0,4422.54,4,136.725,-0.400000
30.380000,100,0,4422.91,4,136.739,-0.400000
30.390000,100,0,4423.27,4,136.754,-0.400000
30.400000,100,0,4423.64,4,136.769,-0.400000
30.410000,100,0,4424.01,4,136.783,-0.400000
30.420000,100,0,4424.38,4,136.798,-0.400000
30.430000,100,0,4424.75,4,136.813,-0.400000
30.440000,100,0,4425.12,4,136.827,-0.400000
30.450000,100,0,4425.48,4,136.842,-0.400000
30.460000,100,0,4425.85,4,136.857,-0.400000
30.470000,100,0,4426.22,4,136.871,-0.400000
30.480000,100,0,4426.58,4,136.886,-0.400000
30.490000,100,0,4426.95,4,136.901,-0.400000
30.500000,100,0,4427.32,4,136.915,-0.400000
30.510000,100,0,4427.68,4,136.93,-0.400000
30.520000,100,0,4428.05,4,136.944,-0.400000
30.530000,100,0,4428.42,4,136.959,-0.400000
30.540000,100,0,4428.78,4,136.974,-0.400000
30.550000,100,0,4429.15,4,136.988,-0.400000
30.560000,100,0,4429.51,4,137.003,-0.400000
30.570000,100,0,4429.88,4,137.017,-0.400000
30.580000,100,0,4430.24,4,137.032,-0.400000
30.590000,100,0,4430.61,4,137.046,-0.400000
30.600000,100,0,4430.97,4,137.061,-0.400000
30.610000,100,0,4431.33,4,137.075,-0.400000
30.620000,100,0,4431.7,4,137.09,-0.400000
30.630000,100,0,4432.06,4,137.104,-0.400000
30.640000,100,0,4432.42,4,137.119,-0.400000
30.650000,100,0,4432.79,4,137.133,-0.400000
30.660000,100,0,4433.15,4,137.148,-0.400000
30.670000,100,0,4433.51,4,137.162,-0.400000
30.680000,100,0,4433.87,4,137.177,-0.400000
30.690000,100,0,4434.24,4,137.191,-0.400000
30.700000,100,0,4434.6,4,137.206,-0.400000
30.710000,100,0,4434.96,4,137.22,-0.400000
30.720000,100,0,4435.32,4,137.235,-0.400000
30.730000,100,0,4435.68,4,137.249,-0.400000
30.740000,100,0,4436.04,4,137.263,-0.400000
30.750000,100,0,4436.41,4,137.278,-0.400000
30.760000,100,0,4436.77,4,137.292,-0.400000
30.770000,100,0,4437.13,4,137.307,-0.400000
30.780000,100,0,4437.49,4,137.321,-0.400000
30.790000,100,0,4437.85,4,137.335,-0.400000
30.800000,100,0,4438.21,4,137.35,-0.400000
30.810000,100,0,4438.57,4,137.364,-0.400000
30.820000,100,0,4438.92,4,137.378,-0.400000
30.830000,100,0,4439.28,4,137.393,-0.400000
30.840000,100,0,4439.64,4,137.407,-0.400000
30.850000,100,0,4440,4,137.421,-0.400000
30.860000,100,0,4440.36,4,137.436,-0.400000
30.870000,100,0,4440.72,4,137.45,-0.400000
30.880000,100,0,4441.08,4,137.464,-0.400000
30.890000,100,0,4441.43,4,137.479,-0.400000
30.900000,100,0,4441.79,4,137.493,-0.400000
30.910000,100,0,4442.15,4,137.507,-0.400000
30.920000,100,0,4442.5,4,137.522,-0.400000
30.930000,100,0,4442.86,4,137.536,-0.400000
30.940000,100,0,4443.22,4,137.55,-0.400000
30.950000,100,0,4443.57,4,137.564,-0.400000
30.960000,100,0,4443.93,4,137.579,-0.400000
30.970000,100,0,4444.29,4,137.593,-0.400000
30.980000,100,0,4444.64,4,137.607,-0.400000
30.990000,100,0,4445,4,137.621,-0.400000
31.000000,100,0,4445.35,4,137.635,-0.400000
31.010000,100,0,4445.71,4,137.65,-0.400000
31.020000,100,0,4446.06,4,137.664,-0.400000
31.030000,100,0,4446.42,4,137.678,-0.400000
31.040000,100,0,4446.77,4,137.692,-0.400000
31.050000,100,0,4447.13,4,137.706,-0.400000
31.060000,100,0,4447.48,4,137.72,-0.400000
31.070000,100,0,4447.83,4,137.735,-0.400000
31.080000,100,0,4448.19,4,137.749,-0.400000
31.090000,100,0,4448.54,4,137.763,-0.400000
31.100000,100,0,4448.89,4,137.777,-0.400000
31.110000,100,0,4449.25,4,137.791,-0.400000
31.120000,100,0,4449.6,4,137.805,-0.400000
31.130000,100,0,4449.95,4,137.819,-0.400000
31.140000,100,0,4450.3,4,137.833,-0.400000
31.150000,100,0,4450.66,4,137.848,-0.400000
31.160000,100,0,4451.01,4,137.862,-0.400000
31.170000,100,0,4451.36,4,137.876,-0.400000
31.180000,100,0,4451.71,4,137.89,-0.400000
31.190000,100,0,4452.06,4,137.904,-0.400000
31.200000,100,0,4452.41,4,137.918,-0.400000
31.210000,100,0,4452.76,4,137.932,-0.400000
31.220000,100,0,4453.11,4,137.946,-0.400000
31.230000,100,0,4453.46,4,137.96,-0.400000
31.240000,100,0,4453.81,4,137.974,-0.400000
31.250000,100,0,4454.16,4,137.988,-0.400000
31.260000,100,0,4454.51,4,138.002,-0.400000
31.270000,100,0,4454.86,4,138.016,-0.400000
31.280000,100,0,4455.21,4,138.03,-0.400000
31.290000,100,0,4455.56,4,138.044,-0.400000
31.300000,100,0,4455.91,4,138.058,-0.400000
31.310000,100,0,4456.26,4,138.072,-0.400000
31.320000,100,0,4456.61,4,138.086,-0.400000
31.330000,100,0,4456.95,4,138.1,-0.400000
31.340000,100,0,4457.3,4,138.114,-0.400000
31.350000,100,0,4457.65,4,138.128,-0.400000
31.360000,100,0,4458,4,138.142,-0.400000
31.370000,100,0,4458.34,4,138.155,-0.400000
31.380000,100,0,4458.69,4,138.169,-0.400000
31.390000,100,0,4459.04,4,138.183,-0.400000
31.400000,100,0,4459.38,4,138.197,-0.400000
31.410000,100,0,4459.73,4,138.211,-0.400000
31.420000,100,0,4460.08,4,138.225,-0.400000
31.430000,100,0,4460.42,4,138.239,-0.400000
31.440000,100,0,4460.77,4,138.253,-0.400000
31.450000,100,0,4461.11,4,138.267,-0.400000
31.460000,100,0,4461.46,4,138.28,-0.400000
31.470000,100,0,4461.8,4,138.294,-0.400000
31.480000,100,0,4462.15,4,138.308,-0.400000
31.490000,100,0,4462.49,4,138.322,-0.400000
31.500000,100,0,4462.84,4,138.336,-0.400000
31.510000,100,0,4463.18,4,138.349,-0.400000
31.520000,100,0,4463.53,4,138.363,-0.400000
31.530000,100,0,4463.87,4,138.377,-0.400000
31.540000,100,0,4464.21,4,138.391,-0.400000
31.550000,100,0,4464.56,4,138.405,-0.400000
31.560000,100,0,4464.9,4,138.418,-0.400000
31.570000,100,0,4465.24,4,138.432,-0.400000
31.580000,100,0,4465.59,4,138.446,-0.400000
31.590000,100,0,4465.93,4,138.46,-0.400000
31.600000,100,0,4466.27,4,138.473,-0.400000
31.610000,100,0,4466.61,4,138.487,-0.400000
31.620000,100,0,4466.95,4,138.501,-0.400000
31.630000,100,0,4467.3,4,138.515,-0.400000
31.640000,100,0,4467.64,4,138.528,-0.400000
31.650000,100,0,4467.98,4,138.542,-0.400000
31.660000,100,0,4468.32,4,138.556,-0.400000
31.670000,100,0,4468.66,4,138.569,-0.400000
31.680000,100,0,4469,4,138.583,-0.400000
31.690000,100,0,4469.34,4,138.597,-0.400000
31.700000,100,0,4469.68,4,138.61,-0.400000
31.710000,100,0,4470.02,4,138.624,-0.400000
31.720000,100,0,4470.36,4,138.638,-0.400000
31.730000,100,0,4470.7,4,138.651,-0.400000
31.740000,100,0,4471.04,4,138.665,-0.400000
31.750000,100,0,4471.38,4,138.679,-0.400000
31.760000,100,0,4471.72,4,138.692,-0.400000
31.770000,100,0,4472.06,4,138.706,-0.400000
31.780000,100,0,4472.4,4,138.719,-0.400000
31.790000,100,0,4472.73,4,138.733,-0.400000
31.800000,100,0,4473.07,4,138.747,-0.400000
31.810000,100,0,4473.41,4,138.76,-0.400000
31.820000,100,0,4473.75,4,138.774,-0.400000
31.830000,100,0,4474.08,4,138.787,-0.400000
31.840000,100,0,4474.42,4,138.801,-0.400000
31.850000,100,0,4474.76,4,138.814,-0.400000
31.860000,100,0,4475.1,4,138.828,-0.400000
31.870000,100,0,4475.43,4,138.841,-0.400000
31.880000,100,0,4475.77,4,138.855,-0.400000
31.890000,100,0,4476.1,4,138.868,-0.400000
31.900000,100,0,4476.44,4,138.882,-0.400000
31.910000,100,0,4476.78,4,138.895,-0.400000
31.920000,100,0,4477.11,4,138.909,-0.400000
31.930000,100,0,4477.45,4,138.922,-0.400000
31.940000,100,0,4477.78,4,138.936,-0.400000
31.950000,100,0,4478.12,4,138.949,-0.400000
31.960000,100,0,4478.45,4,138.963,-0.400000
31.970000,100,0,4478.79,4,138.976,-0.400000
31.980000,100,0,4479.12,4,138.99,-0.400000
31.990000,100,0,4479.46,4,139.003,-0.400000
32.000000,100,0,4479.79,4,139.017,-0.400000
32.010000,100,0,4480.12,4,139.03,-0.400000
32.020000,100,0,4480.46,4,139.043,-0.400000
32.030000,100,0,4480.79,4,139.057,-0.400000
32.040000,100,0,4481.12,4,139.07,-0.400000
32.050000,100,0,4481.46,4,139.084,-0.400000
32.060000,100,0,4481.79,4,139.097,-0.400000
32.070000,100,0,4482.12,4,139.11,-0.400000
32.080000,100,0,4482.45,4,139.124,-0.400000
32.090000,100,0,4482.79,4,139.137,-0.400000
32.100000,100,0,4483.12,4,139.151,-0.400000
32.110000,100,0,4483.45,4,139.164,-0.400000
32.120000,100,0,4483.78,4,139.177,-0.400000
32.130000,100,0,4484.11,4,139.191,-0.400000
32.140000,100,0,4484.44,4,139.204,-0.400000
32.150000,100,0,4484.77,4,139.217,-0.400000
32.160000,100,0,4485.1,4,139.23,-0.400000
32.170000,100,0,4485.43,4,139.244,-0.400000
32.180000,100,0,4485.76,4,139.257,-0.400000
32.190000,100,0,4486.09,4,139.27,-0.400000
32.200000,100,0,4486.42,4,139.284,-0.400000
32.210000,100,0,4486.75,4,139.297,-0.400000
32.220000,100,0,4487.08,4,139.31,-0.400000
32.230000,100,0,4487.41,4,139.323,-0.400000
32.240000,100,0,4487.74,4,139.337,-0.400000
32.250000,100,0,4488.07,4,139.35,-0.400000
32.260000,100,0,4488.4,4,139.363,-0.400000
32.270000,100,0,4488.73,4,139.376,-0.400000
32.280000,100,0,4489.06,4,139.39,-0.400000
32.290000,100,0,4489.38,4,139.403,-0.400000
32.300000,100,0,4489.71,4,139.416,-0.400000
32.310000,100,0,4490.04,4,139.429,-0.400000
32.320000,100,0,4490.37,4,139.442,-0.400000
32.330000,100,0,4490.69,4,139.456,-0.400000
32.340000,100,0,4491.02,4,139.469,-0.400000
32.350000,100,0,4491.35,4,139.482,-0.400000
32.360000,100,0,4491.67,4,139.495,-0.400000
32.370000,100,0,4492,4,139.508,-0.400000
32.380000,100,0,4492.33,4,139.521,-0.400000
32.390000,100,0,4492.65,4,139.535,-0.400000
32.400000,100,0,4492.98,4,139.548,-0.400000
32.410000,100,0,4493.3,4,139.561,-0.400000
32.420000,100,0,4493.63,4,139.574,-0.400000
32.430000,100,0,4493.95,4,139.587,-0.400000
32.440000,100,0,4494.28,4,139.6,-0.400000
32.450000,100,0,4494.6,4,139.613,-0.400000
32.460000,100,0,4494.93,4,139.626,-0.400000
32.470000,100,0,4495.25,4,139.639,-0.400000
32.480000,100,0,4495.58,4,139.653,-0.400000
32.490000,100,0,4495.9,4,139.666,-0.400000
